fecha	objective	metric	first_metric_only	boost_from_average	feature_pre_filter	verbosity	seed	max_depth	min_gain_to_split	lambda_l1	lambda_l2	max_bin	num_iterations	force_row_wise	learning_rate	feature_fraction	min_data_in_leaf	num_leaves	prob_corte	ganancia	iteracion
20220525 194849	binary	custom	TRUE	TRUE	FALSE	-100	999983	-1	0	0	0	31	34	TRUE	0.161634823957109	0.51389365109615	6038	626	0.0335800418033614	10871000	1
20220525 194912	binary	custom	TRUE	TRUE	FALSE	-100	999983	-1	0	0	0	31	25	TRUE	0.177687967102625	0.650407920088619	1343	433	0.0413251650844662	8593000	2
20220525 194931	binary	custom	TRUE	TRUE	FALSE	-100	999983	-1	0	0	0	31	75	TRUE	0.0786415243807714	0.559287884300575	5671	506	0.0445336793030341	8927000	3
20220525 194940	binary	custom	TRUE	TRUE	FALSE	-100	999983	-1	0	0	0	31	27	TRUE	0.227675457666046	0.725659714899957	3314	525	0.0147824219723892	12764000	4
20220525 194954	binary	custom	TRUE	TRUE	FALSE	-100	999983	-1	0	0	0	31	62	TRUE	0.119726895810687	0.32900163189508	4362	731	0.0356197434099158	10666000	5
20220525 195007	binary	custom	TRUE	TRUE	FALSE	-100	999983	-1	0	0	0	31	18	TRUE	0.144691473953193	0.450030879378319	1627	103	0.0171710520997294	12586000	6
20220525 195030	binary	custom	TRUE	TRUE	FALSE	-100	999983	-1	0	0	0	31	104	TRUE	0.0673533702905988	0.247225179923698	5450	196	0.0302350936719449	11952000	7
20220525 195053	binary	custom	TRUE	TRUE	FALSE	-100	999983	-1	0	0	0	31	37	TRUE	0.0877868471039692	0.90087400155142	514	937	0.0429104393178325	7247000	8
20220525 195101	binary	custom	TRUE	TRUE	FALSE	-100	999983	-1	0	0	0	31	35	TRUE	0.208202517638798	0.788191330656409	7271	343	0.032423602960868	11153000	9
20220525 195118	binary	custom	TRUE	TRUE	FALSE	-100	999983	-1	0	0	0	31	74	TRUE	0.127494753020583	0.569614378530532	3692	897	0.0232185142604673	12276000	10
20220525 195131	binary	custom	TRUE	TRUE	FALSE	-100	999983	-1	0	0	0	31	1	TRUE	0.196480541240773	0.70661654937081	39	312	0.0391058516640139	4385000	11
20220525 195142	binary	custom	TRUE	TRUE	FALSE	-100	999983	-1	0	0	0	31	40	TRUE	0.26101814558683	0.40945186839439	6860	803	0.0262172460235888	12317000	12
20220525 195151	binary	custom	TRUE	TRUE	FALSE	-100	999983	-1	0	0	0	31	24	TRUE	0.295499244819279	0.286285187257454	2967	259	0.0219267490038571	12085000	13
20220525 195238	binary	custom	TRUE	TRUE	FALSE	-100	999983	-1	0	0	0	31	242	TRUE	0.0222703302266309	0.942402045894414	2242	572	0.020110178917336	13410000	14
20220525 195302	binary	custom	TRUE	TRUE	FALSE	-100	999983	-1	0	0	0	31	185	TRUE	0.0292065387186594	0.80154009334743	7683	404	0.0131634011195274	12889000	15
20220525 195312	binary	custom	TRUE	TRUE	FALSE	-100	999983	-1	0	0	0	31	20	TRUE	0.224317178105353	0.369496049135923	2709	1000	0.0458975885165273	7618000	16
20220525 195324	binary	custom	TRUE	TRUE	FALSE	-100	999983	-1	0	0	0	31	46	TRUE	0.104757835709257	0.621752395816147	5125	146	0.0493251776477943	7384000	17
20220525 195332	binary	custom	TRUE	TRUE	FALSE	-100	999983	-1	0	0	0	31	7	TRUE	0.250751323096571	0.879254961535335	945	42	0.01195753281548	11434000	18
20220525 195353	binary	custom	TRUE	TRUE	FALSE	-100	999983	-1	0	0	0	31	91	TRUE	0.0413912486089393	0.221902121352032	4551	714	0.00884809825996247	11789000	19
20220525 195400	binary	custom	TRUE	TRUE	FALSE	-100	999983	-1	0	0	0	31	26	TRUE	0.272900449776556	0.972142096795142	6579	864	0.0278031921639922	12103000	20
20220525 195507	binary	custom	TRUE	TRUE	FALSE	-100	999983	-1	0	0	0	31	405	TRUE	0.0102666680786499	0.909429321405285	3266	55	0.015562533244486	13400000	21
20220525 195708	binary	custom	TRUE	TRUE	FALSE	-100	999983	-1	0	0	0	31	745	TRUE	0.0101787024327552	0.63553625746107	2895	384	0.0184494658461384	13595000	22
20220525 195832	binary	custom	TRUE	TRUE	FALSE	-100	999983	-1	0	0	0	31	704	TRUE	0.0102479250932385	0.998520681036673	4533	428	0.0196132310583851	12557000	23
20220525 195924	binary	custom	TRUE	TRUE	FALSE	-100	999983	-1	0	0	0	31	175	TRUE	0.0347057186758649	0.859535060848068	2303	206	0.00835127334066677	11822000	24
20220525 195952	binary	custom	TRUE	TRUE	FALSE	-100	999983	-1	0	0	0	31	155	TRUE	0.05864403754094	0.200958600016937	6933	16	0.0163659301433728	13456000	25
20220525 195959	binary	custom	TRUE	TRUE	FALSE	-100	999983	-1	0	0	0	31	15	TRUE	0.299613878882514	0.673235348418767	6965	16	0.0143377502895665	12499000	26
20220525 200139	binary	custom	TRUE	TRUE	FALSE	-100	999983	-1	0	0	0	31	817	TRUE	0.0123807938775064	0.323323892780702	3380	17	0.0192173297390267	13338000	27
20220525 200205	binary	custom	TRUE	TRUE	FALSE	-100	999983	-1	0	0	0	31	199	TRUE	0.0496979611697133	0.200888671454976	7994	490	0.018407524988192	13397000	28
20220525 200221	binary	custom	TRUE	TRUE	FALSE	-100	999983	-1	0	0	0	31	122	TRUE	0.0694751093392891	0.809948579296789	2772	16	0.0191284372565391	13052000	29
20220525 200457	binary	custom	TRUE	TRUE	FALSE	-100	999983	-1	0	0	0	31	1751	TRUE	0.0103854443435403	0.202817872101495	6650	396	0.0165685898334176	13359000	30
20220525 200633	binary	custom	TRUE	TRUE	FALSE	-100	999983	-1	0	0	0	31	505	TRUE	0.0103797860548405	0.34578077285564	2510	570	0.0173008782239577	13568000	31
20220525 200803	binary	custom	TRUE	TRUE	FALSE	-100	999983	-1	0	0	0	31	551	TRUE	0.0100088045535356	0.391475376240139	7988	90	0.018123225082062	13047000	32
20220525 200816	binary	custom	TRUE	TRUE	FALSE	-100	999983	-1	0	0	0	31	71	TRUE	0.159063467420072	0.200006830416319	7732	311	0.014787734170384	13417000	33
20220525 200825	binary	custom	TRUE	TRUE	FALSE	-100	999983	-1	0	0	0	31	39	TRUE	0.221756569462541	0.870217484060146	8000	1022	0.0162173443841496	12926000	34
20220525 200929	binary	custom	TRUE	TRUE	FALSE	-100	999983	-1	0	0	0	31	448	TRUE	0.0152116111361764	0.200743910158119	3145	324	0.0166519935433707	13166000	35
20220525 201045	binary	custom	TRUE	TRUE	FALSE	-100	999983	-1	0	0	0	31	399	TRUE	0.0101018407056367	0.637821969393017	2435	605	0.0171373941445377	13773000	36
20220525 201213	binary	custom	TRUE	TRUE	FALSE	-100	999983	-1	0	0	0	31	872	TRUE	0.0185045086701174	0.201285852045319	7659	957	0.0147001056064153	13413000	37
20220525 201229	binary	custom	TRUE	TRUE	FALSE	-100	999983	-1	0	0	0	31	74	TRUE	0.10051481017288	0.360464773328383	7372	711	0.0158352784820366	13316000	38
20220525 201237	binary	custom	TRUE	TRUE	FALSE	-100	999983	-1	0	0	0	31	16	TRUE	0.299619420585487	0.200860752821979	7994	895	0.0117999611268742	12190000	39
20220525 201348	binary	custom	TRUE	TRUE	FALSE	-100	999983	-1	0	0	0	31	390	TRUE	0.010001166399967	0.923498128676677	2664	1015	0.0161089398533839	13606000	40
20220525 201519	binary	custom	TRUE	TRUE	FALSE	-100	999983	-1	0	0	0	31	548	TRUE	0.0100175373923292	0.916701253824831	2778	733	0.016575617851563	13578000	41
20220525 201659	binary	custom	TRUE	TRUE	FALSE	-100	999983	-1	0	0	0	31	553	TRUE	0.0101397306192413	0.618109805258829	1815	931	0.0168687947801072	13659000	42
20220525 201802	binary	custom	TRUE	TRUE	FALSE	-100	999983	-1	0	0	0	31	724	TRUE	0.0148029869499292	0.821605579624311	7812	1024	0.0236948592590149	12300000	43
20220525 201933	binary	custom	TRUE	TRUE	FALSE	-100	999983	-1	0	0	0	31	423	TRUE	0.0100303549715982	0.632863493508865	2321	844	0.0184461020215356	13771000	44
20220525 202057	binary	custom	TRUE	TRUE	FALSE	-100	999983	-1	0	0	0	31	522	TRUE	0.0100287529433255	0.664465200710432	2292	844	0.0155312797829642	13936000	45
20220525 202236	binary	custom	TRUE	TRUE	FALSE	-100	999983	-1	0	0	0	31	377	TRUE	0.0104488241538587	0.489003495152039	2473	1010	0.0143117413329755	13672000	46
20220525 202247	binary	custom	TRUE	TRUE	FALSE	-100	999983	-1	0	0	0	31	30	TRUE	0.299897910376304	0.996512524206151	2042	1023	0.0147522261164871	11481000	47
20220525 202324	binary	custom	TRUE	TRUE	FALSE	-100	999983	-1	0	0	0	31	123	TRUE	0.054496570793138	0.402123888177653	5239	16	0.0145536905198021	13648000	48
20220525 202334	binary	custom	TRUE	TRUE	FALSE	-100	999983	-1	0	0	0	31	25	TRUE	0.189099435171684	0.200347065127444	5567	17	0.0174558728187224	13040000	49
20220525 202448	binary	custom	TRUE	TRUE	FALSE	-100	999983	-1	0	0	0	31	642	TRUE	0.0101013025512411	0.656766529510016	5654	1016	0.0145332399134286	13273000	50
20220525 202627	binary	custom	TRUE	TRUE	FALSE	-100	999983	-1	0	0	0	31	602	TRUE	0.0103316936407109	0.495830812408488	2787	16	0.0143674158243993	13671000	51
20220525 202840	binary	custom	TRUE	TRUE	FALSE	-100	999983	-1	0	0	0	31	690	TRUE	0.0100734115777338	0.520801854049916	2425	511	0.0258588261198062	12365000	52
20220525 202852	binary	custom	TRUE	TRUE	FALSE	-100	999983	-1	0	0	0	31	55	TRUE	0.214998876191784	0.224944276661124	8000	321	0.0139636908817963	12988000	53
20220525 203027	binary	custom	TRUE	TRUE	FALSE	-100	999983	-1	0	0	0	31	666	TRUE	0.0100902203539567	0.751706985215907	2235	861	0.0145658462846926	13547000	54
20220525 203228	binary	custom	TRUE	TRUE	FALSE	-100	999983	-1	0	0	0	31	618	TRUE	0.0100571764730885	0.534039638690235	2792	602	0.0153140830185985	13703000	55
20220525 203429	binary	custom	TRUE	TRUE	FALSE	-100	999983	-1	0	0	0	31	836	TRUE	0.0104021054976453	0.232780173765867	2272	636	0.0202100917811834	13241000	56
20220525 203509	binary	custom	TRUE	TRUE	FALSE	-100	999983	-1	0	0	0	31	259	TRUE	0.0323285275344039	0.61559070707771	3058	931	0.0156345092772735	13456000	57
20220525 203518	binary	custom	TRUE	TRUE	FALSE	-100	999983	-1	0	0	0	31	35	TRUE	0.177592759453562	0.945770562809517	7023	468	0.0154915228015567	13029000	58
20220525 203819	binary	custom	TRUE	TRUE	FALSE	-100	999983	-1	0	0	0	31	150	TRUE	0.010415530834198	0.272126837900952	105	1002	0.015159048882498	10744000	59
20220525 203906	binary	custom	TRUE	TRUE	FALSE	-100	999983	-1	0	0	0	31	38	TRUE	0.0102863911569156	0.247078255517262	7512	80	0.00834919352383016	11163000	60
20220525 204047	binary	custom	TRUE	TRUE	FALSE	-100	999983	-1	0	0	0	31	429	TRUE	0.0100320321170714	0.551263871338308	2400	347	0.0157810191848776	13668000	61
20220525 204104	binary	custom	TRUE	TRUE	FALSE	-100	999983	-1	0	0	0	31	75	TRUE	0.124458909732922	0.489292896601465	3927	17	0.0151563496602937	13173000	62
20220525 204116	binary	custom	TRUE	TRUE	FALSE	-100	999983	-1	0	0	0	31	47	TRUE	0.123773810655557	0.200437081723652	7595	239	0.0223633810761306	12545000	63
20220525 204311	binary	custom	TRUE	TRUE	FALSE	-100	999983	-1	0	0	0	31	643	TRUE	0.0109673398951746	0.568824041662217	5826	26	0.0152998056922994	13749000	64
20220525 204326	binary	custom	TRUE	TRUE	FALSE	-100	999983	-1	0	0	0	31	22	TRUE	0.278119451561745	0.219118560705134	7709	1000	0.0192579236706915	12661000	65
20220525 204346	binary	custom	TRUE	TRUE	FALSE	-100	999983	-1	0	0	0	31	113	TRUE	0.0809846542684221	0.394565442295933	6065	158	0.014954112948111	13550000	66
20220525 204440	binary	custom	TRUE	TRUE	FALSE	-100	999983	-1	0	0	0	31	465	TRUE	0.0111351414613073	0.953733468649865	7986	975	0.0156182532549818	13082000	67
20220525 204553	binary	custom	TRUE	TRUE	FALSE	-100	999983	-1	0	0	0	31	414	TRUE	0.0230785829438258	0.513311125214945	2330	814	0.016079574116968	13744000	68
20220525 204729	binary	custom	TRUE	TRUE	FALSE	-100	999983	-1	0	0	0	31	609	TRUE	0.0100204359117544	0.580903429449655	5117	119	0.0153142927148158	13776000	69
20220525 204736	binary	custom	TRUE	TRUE	FALSE	-100	999983	-1	0	0	0	31	16	TRUE	0.299402249357872	0.663602956407861	7897	523	0.0192191739278315	12866000	70
20220525 204751	binary	custom	TRUE	TRUE	FALSE	-100	999983	-1	0	0	0	31	74	TRUE	0.132030615273061	0.381062009398864	7999	472	0.01563087664248	13082000	71
20220525 204916	binary	custom	TRUE	TRUE	FALSE	-100	999983	-1	0	0	0	31	596	TRUE	0.0101991128886179	0.592876883957719	7793	802	0.0154842776747415	13350000	72
20220525 204936	binary	custom	TRUE	TRUE	FALSE	-100	999983	-1	0	0	0	31	96	TRUE	0.0527868156902843	0.999688706541469	7735	119	0.0151108770512438	12997000	73
20220525 205055	binary	custom	TRUE	TRUE	FALSE	-100	999983	-1	0	0	0	31	756	TRUE	0.0145497683087415	0.204108176661161	7928	706	0.0152963305097677	13421000	74
20220525 205155	binary	custom	TRUE	TRUE	FALSE	-100	999983	-1	0	0	0	31	400	TRUE	0.0101415289734122	0.669781222165481	5275	59	0.0136999130401432	13195000	75
20220525 205254	binary	custom	TRUE	TRUE	FALSE	-100	999983	-1	0	0	0	31	515	TRUE	0.0112203443369107	0.652273998308534	7865	1024	0.00837849865169162	11209000	76
20220525 205347	binary	custom	TRUE	TRUE	FALSE	-100	999983	-1	0	0	0	31	255	TRUE	0.0178883228960184	0.243785241931074	6916	1020	0.0176029331510302	13424000	77
20220525 205401	binary	custom	TRUE	TRUE	FALSE	-100	999983	-1	0	0	0	31	23	TRUE	0.235106727447494	0.999374858984104	7974	765	0.0208080893962718	12791000	78
20220525 205622	binary	custom	TRUE	TRUE	FALSE	-100	999983	-1	0	0	0	31	1479	TRUE	0.0112725546621337	0.202731805196626	5414	834	0.0156073630507556	13355000	79
20220525 205631	binary	custom	TRUE	TRUE	FALSE	-100	999983	-1	0	0	0	31	15	TRUE	0.299907233148323	0.998348275112283	2366	505	0.0202083558685367	12247000	80
20220525 205651	binary	custom	TRUE	TRUE	FALSE	-100	999983	-1	0	0	0	31	125	TRUE	0.0428250216937627	0.652050415928522	7345	264	0.0156269981274781	13209000	81
20220525 205752	binary	custom	TRUE	TRUE	FALSE	-100	999983	-1	0	0	0	31	475	TRUE	0.0234920442961577	0.200622862026309	7979	555	0.0287791081417842	11568000	82
20220525 210038	binary	custom	TRUE	TRUE	FALSE	-100	999983	-1	0	0	0	31	1788	TRUE	0.0102003925522931	0.200716127595184	5417	33	0.0151024217052906	13422000	83
20220525 210047	binary	custom	TRUE	TRUE	FALSE	-100	999983	-1	0	0	0	31	10	TRUE	0.29989400717365	0.200163449184047	5612	536	0.018502315447425	12684000	84