Feature	Gain	Cover	Frequency
Master_fechaalta	0.142079638304795	0.0111290087454108	0.0270836422957141
mpasivos_margen	0.0894916412566925	0.0191932964524393	0.029790152751001
ctrx_quarter	0.0708315995067049	0.0242136595972638	0.0346655791190865
chomebanking_trx	0.0524653156289664	0.0147887649209025	0.0221155272134065
mpayroll	0.0480040832703736	0.110471979051926	0.0345728904048643
Visa_mpagospesos	0.0476804077859572	0.0178089157814105	0.0208178852142963
Visa_msaldopesos	0.0476642763011802	0.0455315956138649	0.019946611300608
mtransferencias_recibidas	0.0421376300394019	0.00828554034869416	0.0135696277621237
ctarjeta_visa_trx	0.0398863946949997	0.0160016088273235	0.00943571110781551
Visa_fechaalta	0.0364260729053814	0.0110094712463445	0.0212627910425627
Visa_mpagominimo	0.0243922745211627	0.0342626137878526	0.0250074150971378
Visa_mconsumospesos	0.0242899591551444	0.0499491336392697	0.0274914726382916
Visa_msaldototal	0.0241388546681259	0.0550398153350436	0.0254708586682486
mtarjeta_visa_consumo	0.0201828045440213	0.0569133231626431	0.0267870384102032
Master_Fvencimiento	0.0185706801466259	0.00687494357022472	0.0261196796678037
Master_mpagospesos	0.0177382962256028	0.00917843469300506	0.00863858816550497
cliente_antiguedad	0.0164245428129819	0.00633901502483474	0.025359632211182
mcaja_ahorro	0.0156154690006619	0.00878024118449876	0.0188899599584755
cliente_edad	0.015491330701754	0.00822653065811829	0.0289930298086905
ccomisiones_otras	0.0111690270387258	0.00545299569242179	0.0101957585644372
Master_mlimitecompra	0.0110889621044767	0.00183044955602794	0.00144594394186564
mcuentas_saldo	0.0105835802943846	0.00944827890999976	0.0231907162983835
numero_de_cliente	0.00964478707625897	0.00815175651805216	0.0329044935488655
mactivos_margen	0.00950723499085265	0.0105493262279319	0.0248961886400712
Visa_mlimitecompra	0.00943835529610635	0.00347147414789643	0.00300311434079786
mrentabilidad	0.00943529958527176	0.0102280306095531	0.0249518018686045
Visa_cconsumos	0.00788965096892815	0.0138645733707298	0.00945424885065994
Master_mfinanciacion_limite	0.00778544994933385	0.00387357289671737	0.0200763755005191
Visa_msaldodolares	0.0074005240065206	0.0111740472788121	0.0050422660536853
mprestamos_personales	0.00715446199925312	0.00599856341694373	0.00546863413910722
Visa_Fvencimiento	0.00639969030803116	0.00830359812524687	0.0259157644965149
mrentabilidad_annual	0.0062988593837928	0.00892564135029649	0.0279178407237135
Visa_mpagosdolares	0.0061231373775202	0.00381385259775595	0.00248405754115379
mcuenta_corriente	0.00581494631542397	0.00846643117945408	0.0170361856740323
Visa_mfinanciacion_limite	0.00545029383736748	0.00327291500864126	0.0150526471896782
mautoservicio	0.00472239632353515	0.00640533081316484	0.00939863562212665
ctarjeta_visa_trx2	0.00410029354760104	0.00123030164127747	0.00422660536853033
mcomisiones_otras	0.00407739820024355	0.00519227695426634	0.00463443571110782
mcomisiones	0.00393027577992359	0.00550916419177782	0.0178147708734984
ctarjeta_visa_debitos_automaticos	0.00365454856787803	0.00326353858068683	0.00411537891146374
mextraccion_autoservicio	0.00329992683997886	0.00727120402515076	0.00798976716594987
catm_trx_other	0.00303154006640258	0.00197957109843216	0.00146448168471007
mtransferencias_emitidas	0.00274696736012297	0.0141805294876382	0.0180186860447872
ccaja_ahorro	0.0024529580266182	0.00160141003785764	0.00250259528399822
ctarjeta_debito_trx	0.00236705765246343	0.00702008533297317	0.00850882396559395
Master_fultimo_cierre	0.00232115116700603	0.00193094287459378	0.00404122794008601
Master_msaldopesos	0.0020419018098271	0.00794296002145237	0.00404122794008601
mtarjeta_visa_debitos_automaticos	0.00203481932406307	0.0111162855010391	0.0106962776212368
Master_mconsumospesos	0.00198281652321722	0.00597826324854501	0.00513495476790746
mcaja_ahorro_dolares	0.00197825623453018	0.00662650705200587	0.012123683820258
mttarjeta_master_debitos_automaticos	0.00187397728628776	0.00187883428468526	0.00216891591279846
mcaja_ahorro_adicional	0.00177540272596777	0.00558144188507688	0.00426368085421919
cpayroll_trx	0.00162651012938425	0.00781619841790708	0.00383731276879727
cproductos	0.00159540435681402	0.00238859827901221	0.0080639181373276
cmobile_app_trx	0.00153713605449204	0.000238989277890337	0.00261382174106481
mtarjeta_visa_descuentos	0.00147097517767805	0.039503982973356	0.011864155420436
mprestamos_hipotecarios	0.00144014266680736	0.00300231732313985	0.000982500370754857
active_quarter	0.00143753318878596	0.000232021091815956	0.00101957585644372
thomebanking	0.00124853541215378	0.000497927768114853	0.00202061397004301
Visa_madelantopesos	0.0011102499008494	4.60901592725149e-07	1.85377428444313e-05
mcuenta_debitos_automaticos	0.00105099541430586	0.00932597351673238	0.00780438973750556
mcajeros_propios_descuentos	0.000840326200188326	0.0100001004852435	0.0041524543971526
Master_cconsumos	0.000804758321892404	0.000795675166304709	0.0017796233130654
mcomisiones_mantenimiento	0.000789538143921747	0.00176025399499143	0.00298457659795343
mpagomiscuentas	0.00071520588789654	0.011599578090682	0.00760047456621682
Master_msaldototal	0.000664717053883923	0.0119349815216942	0.00784146522319442
cseguro_vida	0.000618410012540717	0.000306125620134164	0.000797122942310544
mplazo_fijo_dolares	0.000551792995047502	0.00362881613730621	0.00213184042710959
cextraccion_autoservicio	0.000506596815707712	0.00408897916939288	0.00494957733946315
matm_other	0.000500379408221292	0.00270709308164764	0.00276212368382026
Master_status	0.000485845740568813	0.000151849682290003	0.000259528399822038
ccajas_consultas	0.000464836091417519	0.000960805274541428	0.00101957585644372
ccajas_otras	0.000462365958343409	0.000255802247445986	0.000278066142666469
Visa_mconsumosdolares	0.000447980273667805	0.00997712062753071	0.00611745513866232
cseguro_vivienda	0.000442098488263652	0.000366126062786041	0.000834198427999407
cpagomiscuentas	0.000422561207023824	0.00530515746900755	0.00441198279697464
ctransferencias_recibidas	0.000407986931840532	0.00237251331035505	0.00532033219635177
Master_mpagosdolares	0.000405302990515433	0.0162852533821693	0.00441198279697464
matm	0.000394179722829388	0.00425472298487166	0.00470858668248554
Master_mpagominimo	0.000364764564702431	0.00921184011989881	0.0065808987097731
Visa_mpagado	0.000350902845629748	0.0211633109861759	0.0102513717929705
ctarjeta_debito	0.000346539429803549	0.00138746846323557	0.00515349251075189
minversion2	0.000345080758755769	0.00143003353283326	0.000537594542488507
ccuenta_debitos_automaticos	0.000330384177641288	0.00273854930477054	0.00305872756933116
Visa_fultimo_cierre	0.000301973658340916	0.000848421688741162	0.00276212368382026
Master_msaldodolares	0.000278827104049179	0.00285879803338359	0.00133471748479905
ctransferencias_emitidas	0.000235308121129351	0.00476882082072482	0.00661797419546196
Master_mpagado	0.000207580467910812	0.00504507604221887	0.00198353848435414
mdescubierto_preacordado	0.000195499088496619	0.00105285949736769	0.0011864155420436
ccallcenter_trx	0.000164489661299689	0.00299242346792567	0.00203915171288744
ctarjeta_master_trx	0.00013885153952628	0.00279586570998015	0.00200207622719858
cseguro_accidentes_personales	0.000136580813856257	0.00144892118071735	0.00131617974195462
ccomisiones_mantenimiento	0.000125016981142654	0.000903054677669673	0.00107518908497701
mtarjeta_master_consumo	0.000104700755842895	0.00747399824130512	0.00376316179741955
ccajas_trx	0.000100584790289573	9.67396415781869e-05	0.000333679371199763
cprestamos_personales	9.93346670763999e-05	0.00642305129919888	0.00357778436897523
cinversion2	8.99735478435756e-05	0.00165002397498898	0.000611745513866232
ccajas_depositos	7.67323358384456e-05	0.000354752601650196	0.000481981313955213
catm_trx	6.25164648444807e-05	0.00419488218064206	0.00370754856888625
mprestamos_prendarios	5.88749705631401e-05	0.00262153558356303	0.00100103811359929
internet	5.54957096692325e-05	0.0014674081796428	0.00133471748479905
Master_mconsumosdolares	4.00288216299253e-05	0.00204562165094003	0.000574670028177369
tcuentas	3.18303302768746e-05	0.000571954651286039	0.000463443571110782
ccaja_seguridad	2.82197572036617e-05	0.00172266132060905	0.00111226457066588
ctarjeta_visa_descuentos	2.62841742808974e-05	0.00719409866719043	0.00215037816995403
tcallcenter	2.40927851788684e-05	0.000252022481688934	0.00044490582826635
cprestamos_hipotecarios	2.34305882231732e-05	0.000120676708663438	5.56132285332938e-05
tpaquete7	2.30121814909819e-05	0.00140705305395933	0.000889811656532701
mcheques_depositados	1.87951752681911e-05	0.00324404095252773	0.00216891591279846
ctarjeta_visa	1.81665987832988e-05	0.00029569321818023	0.000315141628355332
tmobile_app	1.31112646234433e-05	0.000544167006069651	0.000426368085421919
mforex_sell	8.69920877404308e-06	0.000428021668186442	0.000815660685154976
Master_delinquency	7.38482070916201e-06	2.81628265667999e-05	0.000166839685599881
ccajas_extracciones	7.25721552071306e-06	5.00916795694629e-05	0.000166839685599881
cforex	7.14858919259891e-06	0.000215250982381463	0.000407830342577488
cplazo_fijo	5.49927220527492e-06	0.00101844468356265	0.0005932077710218
tpaquete9	2.56898635169099e-06	0.00059037021667623	0.000871273913688269
cforex_buy	2.44726469604691e-06	0.000317697231685211	0.00014830194275545
ctarjeta_master_debitos_automaticos	2.43872560178334e-06	0.00094329474098493	0.000926887142221563
Visa_Finiciomora	1.90423054231594e-06	0.000686165072105449	0.000778585199466113
mcheques_emitidos	1.54805405277407e-06	0.00207904198570201	0.000778585199466113
mtarjeta_master_descuentos	1.54301538368149e-06	0.000532115236929417	0.0002966038855109
ccheques_depositados	1.35120407893618e-06	0.00191323046365502	0.000778585199466113
ccuenta_corriente	9.89875816357562e-07	3.93120485180448e-05	5.56132285332938e-05
minversion1_pesos	7.25501480799015e-07	0.00323512418384367	0.00105665134213258
ccajeros_propios_descuentos	5.38575529537088e-07	0.00296793729436067	0.00142740619902121
cseguro_auto	2.38946382291459e-07	0.000698598234207856	0.000407830342577488
cinversion1	2.33684740812632e-07	0.000220430224268448	0.000203915171288744
ctarjeta_master	2.15137310401108e-07	0.000467785922040745	0.000240990656977606
cforex_sell	1.43027412915612e-07	0.000225532442169585	0.000185377428444313
cpagodeservicios	9.4823354056769e-08	0.000214926736247498	0.000185377428444313
mforex_buy	8.68281531294626e-08	0.00118590663085475	0.000370754856888625
Visa_delinquency	7.67966042374094e-08	5.87767551348039e-05	0.000222452914133175
Master_Finiciomora	7.21004320488366e-08	0.00216397708028808	0.000889811656532701
mpagodeservicios	5.38129754865355e-08	0.000465044737770266	0.000315141628355332
Visa_status	4.47920663460481e-08	0.000477147442126946	0.000352217114044194
ccheques_emitidos	1.98957447615652e-08	0.000345638303712115	0.000166839685599881
cprestamos_prendarios	1.96956390403042e-08	0.000771126876622097	0.000278066142666469
tpaquete1	1.95585594227278e-08	6.69667652427299e-05	0.000166839685599881
ctarjeta_master_descuentos	1.5548890751047e-08	0.000212422214385142	5.56132285332938e-05
minversion1_dolares	1.50937134276419e-08	0.000388332574834456	9.26887142221563e-05
cliente_vip	1.47808494398094e-08	0.000842926275815503	0.000352217114044194
mplazo_fijo_pesos	1.0632671342864e-08	0.000267549026448716	5.56132285332938e-05
mcuenta_corriente_adicional	5.19255783949801e-09	0.000100431202448221	3.70754856888625e-05
ccheques_emitidos_rechazados	3.32121669148918e-09	9.71999220097358e-05	1.85377428444313e-05
Visa_cadelantosefectivo	2.33127451342741e-09	5.51659452176727e-05	1.85377428444313e-05
mcheques_emitidos_rechazados	1.34481441334156e-09	1.45600179696462e-05	1.85377428444313e-05
