Feature	Gain	Cover	Frequency
ctrx_quarter	0.138222721168443	0.0679462874583113	0.0323383084577114
Visa_mconsumospesos	0.120150801836976	0.0125715280309791	0.0218905472636816
Visa_mpagospesos	0.101335851599316	0.000745343025013882	0.0164179104477612
Visa_msaldopesos	0.0861861323473289	0.00351469691286054	0.0129353233830846
chomebanking_trx	0.0602989213922922	0.0377115570631379	0.0208955223880597
Master_msaldototal	0.0537463090859993	0.000499922379808786	0.00447761194029851
ctarjeta_visa_trx	0.0526981707788204	0.0408122656088319	0.0149253731343284
mrentabilidad_annual	0.0511516364669646	0.00915764802727522	0.0378109452736318
mcaja_ahorro	0.0382217123735631	0.00336567875835442	0.0129353233830846
mtarjeta_visa_consumo	0.0356542804513135	0.0254506149022149	0.0134328358208955
mprestamos_personales	0.0261115314157084	0.0131705856367226	0.0129353233830846
Visa_mpagominimo	0.0242366277414705	0.00603385837935978	0.0104477611940299
mpayroll	0.0238999065369001	0.146846575940558	0.0388059701492537
mtransferencias_recibidas	0.0200451648466561	0.016153555335839	0.0134328358208955
Visa_mpagado	0.0179421423432678	0.00899307430296595	0.00796019900497512
mcomisiones	0.0167569885896907	0.00504456618196002	0.0169154228855721
Master_mfinanciacion_limite	0.0111565918137779	0.0112127700297143	0.0243781094527363
mtarjeta_visa_debitos_automaticos	0.0107238147702207	0.0275131993739514	0.0159203980099502
Visa_msaldototal	0.0102353964291459	0.0136554779727351	0.0144278606965174
Master_Fvencimiento	0.00948666995534136	0.0139543551233583	0.0308457711442786
numero_de_cliente	0.00926184378328468	0.0151104072332559	0.0378109452736318
cextraccion_autoservicio	0.00838140783155155	0.00210437429980229	0.00447761194029851
Visa_Fvencimiento	0.00759799769002193	0.0105645862528493	0.0293532338308458
ctarjeta_visa_debitos_automaticos	0.00665833641554577	0.000462231654596561	0.00298507462686567
mcaja_ahorro_dolares	0.00573556398335356	0.0149134400858836	0.0139303482587065
mtarjeta_visa_descuentos	0.00546841173749995	0.00773252660186371	0.00845771144278607
mcuentas_saldo	0.00519176205875451	0.0165430331700454	0.0298507462686567
mttarjeta_master_debitos_automaticos	0.00484016195581356	0.00149642479402271	0.00348258706467662
Master_fechaalta	0.00401239920948264	0.00990870877524377	0.0248756218905473
Visa_cconsumos	0.00295003443372948	0.00320438431632798	0.00746268656716418
cliente_antiguedad	0.00266853557943676	0.0075473522580854	0.0199004975124378
mrentabilidad	0.00255307502887983	0.0122938190679124	0.0263681592039801
mautoservicio	0.00224992399328334	0.00311815600912187	0.0109452736318408
Visa_msaldodolares	0.00207103243585037	0.00436239138297109	0.00646766169154229
cproductos	0.00183838385430413	0.00523161139832275	0.00895522388059702
mactivos_margen	0.00168854144922932	0.030868935180256	0.0238805970149254
mpasivos_margen	0.00161931214679499	0.00780336750758886	0.0194029850746269
cpayroll_trx	0.00159649954147143	0.0366500786134354	0.00945273631840796
mpagomiscuentas	0.00136748589866964	0.0104701597399361	0.00796019900497512
mcuenta_debitos_automaticos	0.00134054279103973	0.022339353794303	0.0119402985074627
mcuenta_corriente	0.00123832921048614	0.0279066501847697	0.0288557213930348
cliente_edad	0.000913246609039862	0.00668330341864127	0.0213930348258707
mcomisiones_otras	0.000900213667107422	0.00833599862606481	0.00945273631840796
Master_mpagosdolares	0.000842147488979468	0.00687970299792617	0.0054726368159204
Master_mpagospesos	0.000651269156306575	0.0124718042159168	0.0099502487562189
mtransferencias_emitidas	0.000648093686768945	0.00137151777271147	0.00895522388059702
ccheques_depositados	0.00063177374549201	0.00484635879321151	0.00248756218905473
ccomisiones_otras	0.000622902146186223	0.0285699901316726	0.00945273631840796
ctarjeta_visa_descuentos	0.000530094486264624	0.0133964777355126	0.00597014925373134
Master_msaldodolares	0.000496358016863007	0.00430029523000014	0.00348258706467662
Visa_fechaalta	0.000486993216321126	0.0103615860669182	0.0233830845771144
ccajas_trx	0.00048500313369354	8.78679483475203e-06	0.000497512437810945
mcajeros_propios_descuentos	0.000398627732166724	0.00144002534296616	0.00348258706467662
Master_msaldopesos	0.000268507669891561	0.00828039797453869	0.00597014925373134
cpagomiscuentas	0.000242602821086972	0.0019195152716281	0.00447761194029851
Visa_mfinanciacion_limite	0.000224107954776926	0.00977556150614492	0.0119402985074627
cprestamos_personales	0.000216050653507649	0.00115613619405868	0.00248756218905473
cinversion2	0.000207639605531706	8.40841610981055e-06	0.000497512437810945
mcheques_depositados	0.000204160248668909	0.00114028632969168	0.00298507462686567
Master_mconsumospesos	0.000197410544674626	0.000752364052465574	0.00199004975124378
Visa_mpagosdolares	0.000188869388043311	0.0065843363610288	0.00497512437810945
Visa_mconsumosdolares	0.000159914628534273	0.00474688723063245	0.00398009950248756
mplazo_fijo_dolares	0.000156503845785363	0.0146989834330028	0.00497512437810945
ctransferencias_emitidas	0.000141351653541892	0.00323686182355212	0.00696517412935323
Visa_fultimo_cierre	0.00013221442061732	0.000260051289236166	0.00497512437810945
ctarjeta_visa_trx2	0.000114330127718616	0.000277057310818258	0.00298507462686567
active_quarter	9.92927458615055e-05	2.61501741015108e-05	0.00149253731343284
Master_mpagominimo	9.7923836545569e-05	0.00258146782987294	0.00398009950248756
ccomisiones_mantenimiento	8.91650666158137e-05	0.00376348092450956	0.00497512437810945
ccuenta_debitos_automaticos	7.78683197203392e-05	0.0013823856505334	0.00398009950248756
Visa_mlimitecompra	7.13126518412298e-05	0.00582413146054083	0.00597014925373134
mextraccion_autoservicio	5.66674831613156e-05	0.00575646473189713	0.00348258706467662
Master_mpagado	5.4018609254335e-05	0.00836990556402762	0.00248756218905473
ctransferencias_recibidas	5.18801295121483e-05	0.0063411439460928	0.00447761194029851
ctarjeta_debito	4.54571010059634e-05	0.00155368610773052	0.00597014925373134
Master_fultimo_cierre	3.54092407174551e-05	0.00612052812841165	0.00646766169154229
Master_cconsumos	3.0641828320284e-05	0.00394487148103844	0.00398009950248756
ctarjeta_master_trx	3.05894712079206e-05	0.00290502368177845	0.00149253731343284
ccajas_consultas	3.00551364210247e-05	0.00304483462064432	0.00248756218905473
mtarjeta_master_consumo	2.97600013159086e-05	0.0012326107385774	0.00348258706467662
ccaja_seguridad	2.93508628810383e-05	0.0108879949574729	0.0054726368159204
matm_other	2.91903454457556e-05	0.0113525809685802	0.00348258706467662
Master_Finiciomora	2.91332884749689e-05	0.00653205703386605	0.00248756218905473
mcaja_ahorro_adicional	2.82947532021719e-05	0.00125005820200526	0.00497512437810945
mdescubierto_preacordado	2.68887729122933e-05	0.0022289660055094	0.00348258706467662
ccaja_ahorro	2.39539389351227e-05	0.00264102043697067	0.00348258706467662
ctarjeta_debito_trx	2.38447827866045e-05	0.00648639933438978	0.00447761194029851
minversion1_pesos	2.19731141816168e-05	0.00113965569848345	0.00099502487562189
catm_trx_other	2.15707919141321e-05	0.00168040093850536	0.00149253731343284
thomebanking	2.04282389655402e-05	6.20330898501273e-05	0.00099502487562189
ccajeros_propios_descuentos	1.94860207809089e-05	0.00080998272385805	0.00099502487562189
tpaquete7	1.87534043322609e-05	0.00374529772467209	0.00398009950248756
mcomisiones_mantenimiento	1.81757484981963e-05	0.00108487486752803	0.00248756218905473
Visa_delinquency	1.80995455206572e-05	0.000462673096442326	0.00099502487562189
ccallcenter_trx	1.7657203694805e-05	0.000620730298266489	0.00248756218905473
matm	1.76338954062629e-05	0.000169345500451585	0.00149253731343284
cforex	1.71504997297076e-05	0.00166738891457543	0.00099502487562189
cforex_buy	1.59878410745099e-05	0.0020029477804777	0.00149253731343284
cmobile_app_trx	1.51110610336605e-05	6.09610167961265e-06	0.00099502487562189
cpagodeservicios	1.39551950827354e-05	0.00197286667184485	0.00149253731343284
tpaquete9	1.38574238113323e-05	0.00035861894708342	0.00199004975124378
ctarjeta_master	1.31085819016712e-05	0.000693778413220469	0.00099502487562189
ctarjeta_master_debitos_automaticos	1.18067107967849e-05	0.002482311582898	0.00248756218905473
mtarjeta_master_descuentos	9.72653407098655e-06	0.000458132551743028	0.00099502487562189
mprestamos_prendarios	8.53956699209656e-06	0.000947376243092355	0.000497512437810945
Master_mlimitecompra	7.73364842604367e-06	0.00272100549521524	0.00199004975124378
tcuentas	6.39071846924647e-06	0.00271654903467704	0.00149253731343284
mpagodeservicios	6.34776575571136e-06	6.60691295828364e-05	0.000497512437810945
ccajas_depositos	5.69289228417297e-06	0.000376633978598689	0.000497512437810945
mcheques_emitidos	5.14842196443264e-06	0.00663899106574257	0.00199004975124378
mforex_buy	4.66294674311259e-06	0.00115441246875617	0.00099502487562189
cliente_vip	4.63341109959627e-06	0.000441673077208074	0.00099502487562189
cseguro_vida	4.3988711601688e-06	0.000244054277587251	0.00099502487562189
ctarjeta_visa	3.51731837095269e-06	0.000124339453223824	0.00099502487562189
Visa_Finiciomora	2.80999755249323e-06	0.00108561060393764	0.000497512437810945
cprestamos_prendarios	2.55860726709998e-06	0.000719571229637313	0.000497512437810945
cforex_sell	2.35952961524337e-06	9.85886788875287e-06	0.000497512437810945
Master_status	1.46363846968742e-06	0.000168609764041976	0.000497512437810945
cseguro_vivienda	1.41104789668779e-06	0.000127786903828846	0.000497512437810945
tmobile_app	1.4094215464763e-06	4.31561956836027e-05	0.000497512437810945
cinversion1	1.40527863106579e-06	0.000338144453856031	0.000497512437810945
cseguro_accidentes_personales	1.06742118719912e-06	0.000363579912588208	0.000497512437810945
internet	1.04794190847196e-06	1.81831998374653e-05	0.000497512437810945
catm_trx	8.81758477187762e-07	0.00156325068105543	0.000497512437810945
