Feature	Gain	Cover	Frequency
ctrx_quarter	0.116767603124494	0.0328386509982591	0.0212134535062651
cpayroll_trx	0.0834470164380647	0.0300544606011721	0.00626511321169488
mpasivos_margen	0.0747646197934028	0.0188753863300003	0.0162673114970323
mpayroll	0.0525496910604268	0.0430297875945106	0.00912288415036272
mcaja_ahorro	0.0460858794071915	0.018850421847134	0.0234117388437019
ctarjeta_visa_trx	0.0319132541890682	0.0102038568465256	0.00945262695097824
mtarjeta_visa_consumo	0.0317323469566068	0.0112813440255579	0.00791382721477248
Visa_msaldototal	0.0290585597799289	0.00800574999740703	0.00956254121785008
Visa_msaldopesos	0.0280201411598573	0.0161295523798935	0.0141789404264674
mcuentas_saldo	0.0269553586108417	0.0319347410223422	0.0312156517916026
mprestamos_personales	0.0253682549644629	0.0214350074520833	0.00846339854913168
mactivos_margen	0.0237371060162831	0.0218716690497434	0.0238513959111893
mrentabilidad_annual	0.0220971394051813	0.027536067899416	0.0304462519234997
Master_Fvencimiento	0.0170688946464381	0.0207405346779754	0.039129479006375
mcuenta_corriente	0.0164359136694432	0.0135721473845735	0.0284677951198066
Master_fechaalta	0.0154932206954242	0.020685184399756	0.0331941085952957
cliente_edad	0.0149538164904161	0.0257438666166298	0.0325346229940646
Master_mfinanciacion_limite	0.014850734797509	0.0154343497120069	0.0322048801934491
Visa_fechaalta	0.0145502992065934	0.0169122682540312	0.0291272807210376
Visa_Fvencimiento	0.014459721806012	0.0140400516094139	0.0318751373928336
cliente_antiguedad	0.0142924725569096	0.0128774947815636	0.0290173664541658
numero_de_cliente	0.0133470803380253	0.0146355973310789	0.0283578808529347
chomebanking_trx	0.012351644667977	0.0183139446306917	0.0207737964387778
ccomisiones_otras	0.0123175372059876	0.0165991226666202	0.0181358540338536
Visa_mfinanciacion_limite	0.0106923384626555	0.0130389070883671	0.0224225104418554
mcaja_ahorro_dolares	0.0105946941912682	0.0165996462860701	0.0193449109694438
mrentabilidad	0.0104727739666617	0.0141855384802195	0.0207737964387778
mcomisiones_otras	0.0103588518964414	0.0101381399610143	0.0193449109694438
mcomisiones	0.0102688102287967	0.010353252351407	0.0186854253682128
Visa_mpagominimo	0.00997262581602462	0.00774030138170955	0.0142888546933392
Visa_mlimitecompra	0.00973074496127849	0.0144457561905028	0.0187953396350846
Master_mlimitecompra	0.0093250738126401	0.0105093649946868	0.019234996702572
Visa_mpagospesos	0.00904617998995189	0.0112240050512458	0.0201143108375467
mtransferencias_recibidas	0.00820927206627091	0.00721004941872767	0.0156078258958013
Master_mpagospesos	0.00749010978932129	0.0187956216337914	0.0104418553528248
Visa_mconsumospesos	0.00731168971094669	0.00912784532230673	0.0179160255001099
ctarjeta_debito_trx	0.00648724394390446	0.00632404299673081	0.00571554187733568
mcomisiones_mantenimiento	0.00643102542769706	0.0104863204498037	0.00846339854913168
mpagomiscuentas	0.00635546459870154	0.0111159490374835	0.00571554187733568
cproductos	0.00585481987779151	0.0086456394106717	0.0087931413497472
mtarjeta_visa_debitos_automaticos	0.00550665431926403	0.00680017703838057	0.0098922840184656
cprestamos_personales	0.00510088761983116	0.00118513064413703	0.00175862826994944
ctransferencias_recibidas	0.00498566520969911	0.0165454172939456	0.00846339854913168
ctarjeta_visa_trx2	0.00498546967108816	0.00641401562767107	0.010991426687184
mcuenta_debitos_automaticos	0.00476500811744177	0.00561710384844587	0.0060452846779512
Visa_mconsumototal	0.00427745835803988	0.00426957712762965	0.0087931413497472
Visa_mpagado	0.00423767662885989	0.0178848834486838	0.0104418553528248
ccaja_ahorro	0.00405775132611678	0.0215330935399551	0.00560562761046384
ctarjeta_debito	0.00401885765887561	0.00772759699869159	0.00802374148164432
mautoservicio	0.00384470033683502	0.00918800337911201	0.00978236975159376
mtransferencias_emitidas	0.00370751668224589	0.00639972451904721	0.0105517696196966
Visa_cconsumos	0.00354188796381441	0.00443072498016553	0.0107715981534403
ccaja_seguridad	0.00316307800445492	0.0112537826017833	0.00296768520553968
ccallcenter_trx	0.00266976739921444	0.0136208598606748	0.00560562761046384
Master_msaldopesos	0.00250506296390382	0.00534709075208874	0.0038469993405144
ccuenta_debitos_automaticos	0.00246935205410614	0.00582858263720111	0.00340734227302704
mplazo_fijo_dolares	0.00238639333800039	0.014087981300883	0.00285777093866784
Master_msaldototal	0.00228985810541881	0.00441440815185146	0.00450648494174544
ccomisiones_mantenimiento	0.00209721808127174	0.0115674994104124	0.0032974280061552
thomebanking	0.00200131280758401	0.0040806509988197	0.00263794240492416
mextraccion_autoservicio	0.00188085836939984	0.00437613104115164	0.00505605627610464
Visa_mconsumosdolares	0.00186412608812758	0.00323557151928453	0.00472631347548912
Master_cconsumos	0.00176404888922108	0.00584202220308314	0.00362717080677072
ctransferencias_emitidas	0.00172102964368616	0.00334732460370854	0.0038469993405144
cpagomiscuentas	0.00168561429942062	0.00594600562112355	0.00285777093866784
Master_fultimo_cierre	0.00165838100314731	0.00211753821193595	0.00318751373928336
Master_mpagominimo	0.00160822546323427	0.00204986965392938	0.00417674214112992
ctarjeta_visa_debitos_automaticos	0.00150139833374088	0.00262311659174598	0.0043965706748736
mtarjeta_master_consumo	0.00149228600375276	0.00340329370491422	0.00197845680369312
matm	0.00135923226068669	0.00272013957346182	0.0043965706748736
Visa_mpagosdolares	0.00134402701117889	0.00533091143999384	0.00340734227302704
catm_trx	0.00118428248430582	0.00429130469025987	0.00208837107056496
mcheques_emitidos	0.00115585693758856	0.0158045751085478	0.0021982853374368
cseguro_accidentes_personales	0.00111207631648363	0.0124413303579266	0.00230819960430864
tpaquete7	0.00107955727936177	0.00842650731541064	0.00153879973620576
ccajas_consultas	0.000942998140993971	0.00701121683305151	0.00153879973620576
Master_mconsumospesos	0.000938288884662311	0.00175640475311695	0.00362717080677072
Visa_delinquency	0.000915016820428913	0.00229326278370475	0.0010991426687184
Visa_fultimo_cierre	0.000879742723245148	0.0011705539249041	0.00197845680369312
Visa_Finiciomora	0.00085454659126343	0.00719302385297629	0.00241811387118048
cplazo_fijo	0.000822737741426932	0.00459597716293536	0.00098922840184656
mtarjeta_visa_descuentos	0.000817241308379275	0.00796596020829624	0.00362717080677072
Visa_msaldodolares	0.000707408412998359	0.00274399334840395	0.00241811387118048
tcallcenter	0.000636003607617328	0.000882415133042155	0.00087931413497472
cextraccion_autoservicio	0.000618962784352084	0.000844143311427687	0.0016487140030776
mcaja_ahorro_adicional	0.000608957295606921	0.00312598167076991	0.00142888546933392
tpaquete9	0.00050712468226228	0.00657471390795194	0.00175862826994944
ctarjeta_master_trx	0.000459448038998204	0.000712164764613726	0.00153879973620576
mcheques_depositados	0.000444640876871404	0.00599816658087506	0.0021982853374368
Master_mpagosdolares	0.00037508658667799	0.00350389739741405	0.00131897120246208
ctarjeta_visa_descuentos	0.000348812123016946	0.0052432448502675	0.00175862826994944
cseguro_vivienda	0.000298769944566443	0.000573654197388782	0.0005495713343592
minversion2	0.000289030898819944	0.00499333027825185	0.00065948560123104
ctarjeta_master	0.000257386856698483	0.00115169304653522	0.00043965706748736
ccajas_trx	0.000251190970226295	0.000595524565323528	0.00076939986810288
Master_mconsumototal	0.000230706970391488	0.00065289527414776	0.00131897120246208
mttarjeta_master_debitos_automaticos	0.00022413112593988	0.000650700303726255	0.00087931413497472
Master_status	0.000197530063279114	0.000176676607132352	0.00032974280061552
active_quarter	0.000164478930092205	0.000322766433668176	0.00032974280061552
internet	0.000152932958220957	0.000129995139806578	0.00032974280061552
ctarjeta_master_debitos_automaticos	0.000137520069514561	0.00103849075272449	0.0005495713343592
Master_mpagado	0.000122786880047262	0.00239068244682207	0.00087931413497472
ccheques_depositados	9.25427173661989e-05	0.00183405910427002	0.00065948560123104
mdescubierto_preacordado	8.91203749622807e-05	0.000122870741836057	0.00021982853374368
cseguro_vida	8.45369309366385e-05	0.000218857062822703	0.00032974280061552
ccajas_extracciones	8.25047003139671e-05	0.000409100173885557	0.00032974280061552
Master_msaldodolares	4.99050669266015e-05	9.818129140815e-05	0.00010991426687184
matm_other	4.05504137108571e-05	0.000243356106177902	0.00043965706748736
tmobile_app	3.15177062893602e-05	0.000272816311594235	0.00010991426687184
mcajeros_propios_descuentos	2.37179108883886e-05	0.000452523564633869	0.00021982853374368
Master_mconsumosdolares	1.7745552588844e-05	2.69267335322357e-05	0.00010991426687184
cmobile_app_trx	1.7098980410488e-05	1.2651492164429e-05	0.00010991426687184
ccajeros_propios_descuentos	1.40558327624888e-05	0.00020390481852971	0.00010991426687184
tpaquete1	1.0618769946718e-05	0.000119639110685361	0.00010991426687184
