Feature	Gain	Cover	Frequency
ctrx_quarter	0.20375703434875	0.0369324136063897	0.0300925925925926
cpayroll_trx	0.0851587919654733	0.0334965141653298	0.0111111111111111
mpasivos_margen	0.0756183182615001	0.0231862392594505	0.0293981481481482
mtarjeta_visa_consumo	0.0604855004165192	0.0174837922090173	0.0196759259259259
mpayroll	0.0512302302384731	0.0537519581001404	0.0229166666666667
mcaja_ahorro	0.0291945800770942	0.0116953964637101	0.0185185185185185
mrentabilidad_annual	0.0288457502071612	0.027717779137843	0.0349537037037037
mcuentas_saldo	0.0281813368269072	0.032613755803371	0.031712962962963
mactivos_margen	0.0232873559014757	0.0234322823650099	0.0231481481481482
mprestamos_personales	0.0232852668469935	0.0322733651650268	0.0145833333333333
ctarjeta_visa_trx	0.0192232597623673	0.011387891002734	0.0157407407407407
Visa_fechaalta	0.0164421670137661	0.0162153035700977	0.0270833333333333
cliente_edad	0.0163343720246901	0.0394130171329133	0.043287037037037
Visa_msaldototal	0.0158978765503397	0.0146780932024971	0.0180555555555556
chomebanking_trx	0.0153497296488638	0.0223633174820479	0.0268518518518519
Visa_msaldopesos	0.0143239255132988	0.0217289968628726	0.0247685185185185
Master_Fvencimiento	0.0138958918726587	0.023880437547644	0.0268518518518519
Visa_Fvencimiento	0.0135117664813989	0.0137152905698001	0.0259259259259259
Master_fechaalta	0.0128567242058612	0.025286113074981	0.030787037037037
mcaja_ahorro_dolares	0.0122417885764218	0.0261908398857866	0.0310185185185185
mcomisiones_otras	0.0112087290242094	0.0113318224502804	0.018287037037037
mrentabilidad	0.0109447162433444	0.0133350949568154	0.0203703703703704
Master_mfinanciacion_limite	0.0109179153081492	0.0150424126054549	0.0226851851851852
numero_de_cliente	0.0108206511581505	0.0141082634505218	0.0206018518518519
Visa_mfinanciacion_limite	0.0106976618070543	0.0185273786327718	0.0238425925925926
cliente_antiguedad	0.0097548611325368	0.011099800884741	0.0166666666666667
Visa_mpagominimo	0.00928233849613647	0.0100938536975494	0.0168981481481482
mcuenta_corriente	0.00914193918404921	0.0175318786373909	0.0171296296296296
ccomisiones_otras	0.00842864593267614	0.0118676401367821	0.0131944444444444
Visa_mpagospesos	0.00812344066891735	0.00926442296749619	0.0171296296296296
Visa_mconsumospesos	0.00776087172397028	0.00926600765389444	0.0155092592592593
cproductos	0.00713305781073108	0.00996524759251801	0.00925925925925926
mcomisiones	0.00710514138222499	0.00752539985247391	0.0131944444444444
mtransferencias_emitidas	0.00659960606140458	0.00661718673159217	0.0138888888888889
mtransferencias_recibidas	0.0059782517197297	0.00711252448443196	0.0122685185185185
Master_mpagospesos	0.00595348686468476	0.0206415204950955	0.0118055555555556
ccaja_ahorro	0.00547025532208216	0.0238098074879531	0.00787037037037037
mtarjeta_visa_debitos_automaticos	0.00524189614268881	0.0089425144679227	0.0108796296296296
ctarjeta_visa_trx2	0.00513624507708201	0.0083292995238886	0.0113425925925926
ctransferencias_recibidas	0.00503628416871218	0.0153678602379844	0.00787037037037037
mpagomiscuentas	0.00499409461218725	0.0188261096264686	0.00925925925925926
Master_mlimitecompra	0.0047194423365348	0.00518072720366696	0.00810185185185185
ctarjeta_debito_trx	0.00453160061168137	0.0154691451756682	0.018287037037037
cprestamos_personales	0.00382574730392845	0.00126771390334707	0.00162037037037037
mcomisiones_mantenimiento	0.00354854956365525	0.00307577065324424	0.00555555555555556
Visa_cconsumos	0.00309792012469491	0.00290331568865241	0.00671296296296296
mcuenta_debitos_automaticos	0.00301748243833633	0.00780732730114043	0.00578703703703704
Visa_mlimitecompra	0.00295750331717029	0.00939386836939772	0.00833333333333333
ctarjeta_debito	0.0029243456815555	0.00720746480731381	0.00925925925925926
ccallcenter_trx	0.00288305385747675	0.0110745750249644	0.00393518518518518
mautoservicio	0.00287395105483385	0.0092582485597519	0.0136574074074074
Master_msaldopesos	0.00282671663761268	0.00666308394505261	0.00439814814814815
mplazo_fijo_dolares	0.00247089697164281	0.0220785552054912	0.00555555555555556
ccaja_seguridad	0.00239800696727722	0.0168750906866137	0.00486111111111111
Visa_mconsumototal	0.00234886093417522	0.00375554829521374	0.00648148148148148
thomebanking	0.00230915084696485	0.0022098627899869	0.00277777777777778
ctransferencias_emitidas	0.00221042632527186	0.00342349780269145	0.00555555555555556
ccuenta_debitos_automaticos	0.00218979501573522	0.00843302605246742	0.00416666666666667
Master_cconsumos	0.00208928117119391	0.0053190116341454	0.00439814814814815
cpagomiscuentas	0.00166640256349673	0.00350895348401932	0.00393518518518518
ctarjeta_visa_debitos_automaticos	0.00164974180569396	0.00325485782387319	0.00347222222222222
Visa_mpagado	0.00160696290157116	0.0138751384737125	0.00625
Master_mpagominimo	0.00122012547968553	0.00235489681068011	0.00277777777777778
Master_fultimo_cierre	0.00119417065481926	0.00211926568167803	0.00300925925925926
cseguro_accidentes_personales	0.00106122167153396	0.0094328810008391	0.00324074074074074
Master_msaldototal	0.00101376141905443	0.00159679457617486	0.00185185185185185
mtarjeta_visa_descuentos	0.00100916806418051	0.0134616116234846	0.00856481481481482
matm	0.00094990576429221	0.00212185987200406	0.00162037037037037
Visa_mconsumosdolares	0.000946985367445706	0.000988421729468747	0.0025462962962963
cplazo_fijo	0.000874147771975022	0.00349636990017544	0.000925925925925926
Visa_mpagosdolares	0.000835205171069594	0.00176758268544408	0.00231481481481482
catm_trx	0.000800358743870859	0.00288489224197053	0.00162037037037037
Visa_fultimo_cierre	0.000762085691628415	0.00102158862886324	0.00185185185185185
active_quarter	0.000676195170391967	0.000563044946507267	0.000925925925925926
ccomisiones_mantenimiento	0.000649487085199841	0.00101818448771144	0.00185185185185185
cextraccion_autoservicio	0.00061469415010927	0.00219335857460957	0.00185185185185185
tcallcenter	0.000598967950286638	0.0027279554656638	0.00162037037037037
Master_mpagosdolares	0.000505470338262193	0.000612915614381097	0.00115740740740741
mtarjeta_master_consumo	0.00046706328149208	0.0016345511969154	0.00138888888888889
cmobile_app_trx	0.000454504651377743	0.000504229604296646	0.00115740740740741
tcuentas	0.000352046439014776	0.00187096293069884	0.000462962962962963
mextraccion_autoservicio	0.000317907490322654	0.00174485710865139	0.00185185185185185
Master_mconsumospesos	0.000308517675544271	0.00114659103964079	0.00115740740740741
Master_mconsumototal	0.000240478369432491	0.000691316506632318	0.000694444444444445
Master_mpagado	0.000181073845039061	0.000281299443316102	0.000231481481481482
ctarjeta_master_trx	0.000176601477021561	0.000112988140195257	0.000231481481481482
Visa_delinquency	0.000148735986292081	0.000487384974804132	0.000231481481481482
Master_mconsumosdolares	0.000123580552648637	0.00029242746335715	0.000925925925925926
cseguro_vida	0.000120961364077739	0.000792272768618636	0.000694444444444445
ctarjeta_visa_descuentos	0.000112149549142521	0.00260637480366469	0.00162037037037037
mttarjeta_master_debitos_automaticos	9.0712912412043e-05	0.000157024814439972	0.000462962962962963
mdescubierto_preacordado	8.02651816766755e-05	0.000303033123807663	0.000231481481481482
cseguro_vivienda	7.65718931535406e-05	0.00057771796871329	0.000231481481481482
Master_madelantopesos	3.9283826122122e-05	0.000214284816296755	0.000694444444444445
Master_cadelantosefectivo	1.85572703260132e-13	6.10162955415247e-05	0.000231481481481482
catm_trx_other	8.83429381494211e-17	7.64170996489661e-05	0.000231481481481482
