fecha	objective	metric	first_metric_only	boost_from_average	feature_pre_filter	verbosity	seed	max_depth	min_gain_to_split	lambda_l1	lambda_l2	max_bin	num_iterations	force_row_wise	learning_rate	feature_fraction	min_data_in_leaf	num_leaves	prob_corte	ganancia	iteracion
20220611 230048	binary	custom	TRUE	TRUE	FALSE	-100	999983	-1	0	0	0	31	82	TRUE	0.0799208607361652	0.702174815302715	4385	373	0.0285511229449185	11932000	1
20220611 230058	binary	custom	TRUE	TRUE	FALSE	-100	999983	-1	0	0	0	31	41	TRUE	0.127836865664809	0.6337646213267	7285	861	0.0316743651890041	11003000	2
20220611 230124	binary	custom	TRUE	TRUE	FALSE	-100	999983	-1	0	0	0	31	135	TRUE	0.0543601981051033	0.418689691014588	3997	701	0.0245784099456311	12934000	3
20220611 230135	binary	custom	TRUE	TRUE	FALSE	-100	999983	-1	0	0	0	31	23	TRUE	0.259553030082956	0.519175753165037	3532	493	0.0393186175002484	9326000	4
20220611 230144	binary	custom	TRUE	TRUE	FALSE	-100	999983	-1	0	0	0	31	38	TRUE	0.155452761288616	0.797496462734416	5706	754	0.0424803266946886	9003000	5
20220611 230155	binary	custom	TRUE	TRUE	FALSE	-100	999983	-1	0	0	0	31	26	TRUE	0.203665383801213	0.459299765750766	4983	150	0.0336882823539781	11394000	6
20220611 230204	binary	custom	TRUE	TRUE	FALSE	-100	999983	-1	0	0	0	31	16	TRUE	0.293495157885365	0.574473704434931	6356	881	0.0188287490648994	12686000	7
20220611 230234	binary	custom	TRUE	TRUE	FALSE	-100	999983	-1	0	0	0	31	162	TRUE	0.0327501101768576	0.237461281009018	2783	345	0.0115348462063897	13056000	8
20220611 230255	binary	custom	TRUE	TRUE	FALSE	-100	999983	-1	0	0	0	31	16	TRUE	0.173839646665263	0.958791457209736	260	618	0.0169253858136168	8752000	9
20220611 230307	binary	custom	TRUE	TRUE	FALSE	-100	999983	-1	0	0	0	31	55	TRUE	0.101203394627315	0.881730976644904	4626	1023	0.0160130642276878	12880000	10
20220611 230321	binary	custom	TRUE	TRUE	FALSE	-100	999983	-1	0	0	0	31	24	TRUE	0.144130475015496	0.284760331418365	713	295	0.0299010799863027	9602000	11
20220611 230353	binary	custom	TRUE	TRUE	FALSE	-100	999983	-1	0	0	0	31	107	TRUE	0.0449965694270795	0.546630344791338	3040	426	0.0451807795441709	8890000	12
20220611 230402	binary	custom	TRUE	TRUE	FALSE	-100	999983	-1	0	0	0	31	10	TRUE	0.197741583463503	0.755573094338179	2308	79	0.0133899184472587	12217000	13
20220611 230409	binary	custom	TRUE	TRUE	FALSE	-100	999983	-1	0	0	0	31	27	TRUE	0.282141235804767	0.800527005633339	6818	230	0.0460113289154833	7774000	14
20220611 230424	binary	custom	TRUE	TRUE	FALSE	-100	999983	-1	0	0	0	31	50	TRUE	0.125751810414833	0.650333926780149	5475	645	0.0268340459098302	11812000	15
20220611 230434	binary	custom	TRUE	TRUE	FALSE	-100	999983	-1	0	0	0	31	25	TRUE	0.238236710556434	0.995152816409245	1745	940	0.0367598655478408	9104000	16
20220611 230530	binary	custom	TRUE	TRUE	FALSE	-100	999983	-1	0	0	0	31	355	TRUE	0.0207201237197733	0.271356175411493	7882	24	0.0209655191594114	12949000	17
20220611 230540	binary	custom	TRUE	TRUE	FALSE	-100	999983	-1	0	0	0	31	28	TRUE	0.215772208558046	0.393018414350227	6701	565	0.0482749534154815	8365000	18
20220611 230554	binary	custom	TRUE	TRUE	FALSE	-100	999983	-1	0	0	0	31	51	TRUE	0.246070730277919	0.323285842193291	1223	807	0.00931763122110472	11568000	19
20220611 230610	binary	custom	TRUE	TRUE	FALSE	-100	999983	-1	0	0	0	31	42	TRUE	0.0932689644467318	0.854629838233814	1166	214	0.0416173991790856	9091000	20
20220611 230631	binary	custom	TRUE	TRUE	FALSE	-100	999983	-1	0	0	0	31	132	TRUE	0.0800873442107582	0.258712955812988	4597	106	0.0145021359431943	13434000	21
20220611 230809	binary	custom	TRUE	TRUE	FALSE	-100	999983	-1	0	0	0	31	722	TRUE	0.010004423811399	0.266019524171407	4771	1021	0.0112358961930654	13126000	22
20220611 230827	binary	custom	TRUE	TRUE	FALSE	-100	999983	-1	0	0	0	31	116	TRUE	0.088278952365921	0.20066705520561	4214	799	0.0170189959429525	13318000	23
20220611 231008	binary	custom	TRUE	TRUE	FALSE	-100	999983	-1	0	0	0	31	791	TRUE	0.0107326216969559	0.325138303132297	4201	16	0.0202550869659962	13153000	24
20220611 231027	binary	custom	TRUE	TRUE	FALSE	-100	999983	-1	0	0	0	31	125	TRUE	0.22669707419106	0.385028140413625	4185	279	0.00857990913472763	11864000	25
20220611 231151	binary	custom	TRUE	TRUE	FALSE	-100	999983	-1	0	0	0	31	522	TRUE	0.0100235559815362	0.314718532466334	6193	428	0.0156417950251707	13670000	26
20220611 231359	binary	custom	TRUE	TRUE	FALSE	-100	999983	-1	0	0	0	31	1068	TRUE	0.0100164904953648	0.319147460408764	7012	934	0.0158608140153583	13558000	27
20220611 231538	binary	custom	TRUE	TRUE	FALSE	-100	999983	-1	0	0	0	31	606	TRUE	0.0100035327163652	0.413249436344365	5178	717	0.0153324608035667	13432000	28
20220611 231718	binary	custom	TRUE	TRUE	FALSE	-100	999983	-1	0	0	0	31	1000	TRUE	0.012796410302272	0.20290338624073	6763	142	0.0147120626021248	13187000	29
20220611 231817	binary	custom	TRUE	TRUE	FALSE	-100	999983	-1	0	0	0	31	496	TRUE	0.016929867538223	0.200816931171283	6244	488	0.0191236538854912	13488000	30
20220611 231840	binary	custom	TRUE	TRUE	FALSE	-100	999983	-1	0	0	0	31	120	TRUE	0.0601940377961471	0.401171580025972	7979	515	0.0163248780088581	13300000	31
20220611 231901	binary	custom	TRUE	TRUE	FALSE	-100	999983	-1	0	0	0	31	94	TRUE	0.0610312562321701	0.404188912942319	6101	340	0.0167681350351315	13539000	32
20220611 231927	binary	custom	TRUE	TRUE	FALSE	-100	999983	-1	0	0	0	31	199	TRUE	0.068225930730067	0.246342905185961	6123	1023	0.0156198947579573	13238000	33
20220611 232107	binary	custom	TRUE	TRUE	FALSE	-100	999983	-1	0	0	0	31	644	TRUE	0.0101941648278638	0.333020061090197	4510	384	0.0156865998475664	13708000	34
20220611 232212	binary	custom	TRUE	TRUE	FALSE	-100	999983	-1	0	0	0	31	554	TRUE	0.0100957235018363	0.856825445906237	6987	449	0.0158449230294087	12992000	35
20220611 232424	binary	custom	TRUE	TRUE	FALSE	-100	999983	-1	0	0	0	31	1143	TRUE	0.0100369032800142	0.239793401624329	4867	375	0.0164325019464008	13391000	36
20220611 232524	binary	custom	TRUE	TRUE	FALSE	-100	999983	-1	0	0	0	31	307	TRUE	0.0178376376408049	0.419144570528789	4010	439	0.0143931429516407	13460000	37
20220611 232712	binary	custom	TRUE	TRUE	FALSE	-100	999983	-1	0	0	0	31	730	TRUE	0.0105909063601637	0.341133963314792	6798	579	0.0187614570726273	13188000	38
20220611 232832	binary	custom	TRUE	TRUE	FALSE	-100	999983	-1	0	0	0	31	663	TRUE	0.0105787529516434	0.632527301832905	5381	63	0.01473176659626	13469000	39
20220611 232907	binary	custom	TRUE	TRUE	FALSE	-100	999983	-1	0	0	0	31	257	TRUE	0.0435911522898259	0.316931304003309	5997	391	0.0223416781700707	12786000	40
20220611 232918	binary	custom	TRUE	TRUE	FALSE	-100	999983	-1	0	0	0	31	55	TRUE	0.0836279754327258	0.734445663832655	7921	1022	0.0137097927572779	13027000	41
20220611 233131	binary	custom	TRUE	TRUE	FALSE	-100	999983	-1	0	0	0	31	989	TRUE	0.0100332725455025	0.372836157516932	4321	958	0.019666649827604	13144000	42
20220611 233239	binary	custom	TRUE	TRUE	FALSE	-100	999983	-1	0	0	0	31	481	TRUE	0.0219378815130506	0.389539290356613	4328	96	0.0154382615209916	13706000	43
20220611 233300	binary	custom	TRUE	TRUE	FALSE	-100	999983	-1	0	0	0	31	48	TRUE	0.137689034378169	0.550314369397467	6944	16	0.0157695064993379	13035000	44
20220611 233329	binary	custom	TRUE	TRUE	FALSE	-100	999983	-1	0	0	0	31	157	TRUE	0.0566709635622896	0.471512188697863	4550	243	0.0152213663841455	13388000	45
20220611 233355	binary	custom	TRUE	TRUE	FALSE	-100	999983	-1	0	0	0	31	229	TRUE	0.0641200505321754	0.200312462044733	7992	815	0.0139521712512976	13248000	46
20220611 233432	binary	custom	TRUE	TRUE	FALSE	-100	999983	-1	0	0	0	31	314	TRUE	0.0195879155202961	0.80099447169952	5640	16	0.0162121916218275	13536000	47
20220611 233454	binary	custom	TRUE	TRUE	FALSE	-100	999983	-1	0	0	0	31	121	TRUE	0.0760528128994813	0.355384904690849	6068	873	0.0149036873806064	13289000	48
20220611 233625	binary	custom	TRUE	TRUE	FALSE	-100	999983	-1	0	0	0	31	1030	TRUE	0.0105926038402589	0.699526456064475	4428	17	0.0174334544755848	13516000	49
20220611 233634	binary	custom	TRUE	TRUE	FALSE	-100	999983	-1	0	0	0	31	22	TRUE	0.2500252787169	0.200104032524159	7828	458	0.0182577675027338	12996000	50
20220611 233741	binary	custom	TRUE	TRUE	FALSE	-100	999983	-1	0	0	0	31	592	TRUE	0.010022125733734	0.791484135232084	6504	1020	0.0165453592097139	13356000	51
20220611 233843	binary	custom	TRUE	TRUE	FALSE	-100	999983	-1	0	0	0	31	610	TRUE	0.0107410509737745	0.742970042195031	7994	95	0.0172710141341255	13096000	52
20220611 234012	binary	custom	TRUE	TRUE	FALSE	-100	999983	-1	0	0	0	31	746	TRUE	0.0100101363285039	0.200158976077491	7991	895	0.0189753672568377	13345000	53
20220611 234104	binary	custom	TRUE	TRUE	FALSE	-100	999983	-1	0	0	0	31	330	TRUE	0.0100116079456167	0.776387977069369	4515	16	0.0123341034902309	12954000	54
20220611 234120	binary	custom	TRUE	TRUE	FALSE	-100	999983	-1	0	0	0	31	94	TRUE	0.0602926788791492	0.720060303541337	5438	117	0.0161956565587846	13565000	55
20220611 234131	binary	custom	TRUE	TRUE	FALSE	-100	999983	-1	0	0	0	31	33	TRUE	0.230629990991	0.34731767525817	4071	16	0.0161102085123926	12559000	56
20220611 234200	binary	custom	TRUE	TRUE	FALSE	-100	999983	-1	0	0	0	31	250	TRUE	0.0327339489278758	0.773453430937875	5636	39	0.0200514774328882	12847000	57
20220611 234338	binary	custom	TRUE	TRUE	FALSE	-100	999983	-1	0	0	0	31	792	TRUE	0.0101506396007165	0.617770667846489	4574	983	0.0156490605196469	13609000	58
20220611 234517	binary	custom	TRUE	TRUE	FALSE	-100	999983	-1	0	0	0	31	632	TRUE	0.0107499970924595	0.322931475302308	2882	20	0.014483206836702	13401000	59
20220611 234654	binary	custom	TRUE	TRUE	FALSE	-100	999983	-1	0	0	0	31	611	TRUE	0.0101376968826959	0.315730710050713	4011	891	0.0155051458473042	13561000	60
20220611 234743	binary	custom	TRUE	TRUE	FALSE	-100	999983	-1	0	0	0	31	446	TRUE	0.0376037460990607	0.200509732888629	4357	956	0.0250453268671554	12322000	61
20220611 234911	binary	custom	TRUE	TRUE	FALSE	-100	999983	-1	0	0	0	31	436	TRUE	0.0121781531769214	0.350185455678628	5482	47	0.0157905538737716	13630000	62
20220611 235038	binary	custom	TRUE	TRUE	FALSE	-100	999983	-1	0	0	0	31	500	TRUE	0.0114057010218682	0.343130666322591	4428	469	0.0156849745627973	13720000	63
20220611 235156	binary	custom	TRUE	TRUE	FALSE	-100	999983	-1	0	0	0	31	496	TRUE	0.0135658230338017	0.34271739015744	4412	125	0.0156707351773874	13587000	64
20220611 235223	binary	custom	TRUE	TRUE	FALSE	-100	999983	-1	0	0	0	31	133	TRUE	0.0453432501126785	0.3898856592867	4460	16	0.0155257655567635	13297000	65
20220611 235241	binary	custom	TRUE	TRUE	FALSE	-100	999983	-1	0	0	0	31	83	TRUE	0.0894860062681667	0.583267324566128	5867	203	0.0158018509861236	13334000	66
20220611 235308	binary	custom	TRUE	TRUE	FALSE	-100	999983	-1	0	0	0	31	160	TRUE	0.027789597224816	0.728141818503628	4055	1011	0.0161375533605429	13357000	67
20220611 235325	binary	custom	TRUE	TRUE	FALSE	-100	999983	-1	0	0	0	31	107	TRUE	0.110715853342198	0.200614817823585	7672	404	0.0154732152288669	13347000	68
20220611 235423	binary	custom	TRUE	TRUE	FALSE	-100	999983	-1	0	0	0	31	350	TRUE	0.0214920391241498	0.361591671868925	3024	365	0.0158753248040763	13947000	69
20220611 235512	binary	custom	TRUE	TRUE	FALSE	-100	999983	-1	0	0	0	31	182	TRUE	0.0206027218951716	0.582972287578143	1141	35	0.0159831289536732	13477000	70
20220611 235520	binary	custom	TRUE	TRUE	FALSE	-100	999983	-1	0	0	0	31	28	TRUE	0.249682194662647	0.722470427166019	7996	16	0.0143104293924396	12665000	71
20220611 235540	binary	custom	TRUE	TRUE	FALSE	-100	999983	-1	0	0	0	31	79	TRUE	0.0698910062847536	0.320583858767059	2860	418	0.0190997834452226	12693000	72
20220611 235553	binary	custom	TRUE	TRUE	FALSE	-100	999983	-1	0	0	0	31	61	TRUE	0.124054246376152	0.203070115071135	5754	31	0.0114572725566974	12861000	73
20220611 235602	binary	custom	TRUE	TRUE	FALSE	-100	999983	-1	0	0	0	31	22	TRUE	0.197716177393067	0.206369058275551	7863	924	0.01470790553449	12955000	74
20220611 235613	binary	custom	TRUE	TRUE	FALSE	-100	999983	-1	0	0	0	31	55	TRUE	0.299778349528553	0.200293911250101	7016	233	0.0146358847191487	12544000	75
20220611 235628	binary	custom	TRUE	TRUE	FALSE	-100	999983	-1	0	0	0	31	57	TRUE	0.0927178434674466	0.200763917715831	3100	1023	0.00885613832275542	11593000	76
20220611 235759	binary	custom	TRUE	TRUE	FALSE	-100	999983	-1	0	0	0	31	414	TRUE	0.0100475756173966	0.584380572451204	2755	356	0.0157925242436554	13770000	77
20220612 000000	binary	custom	TRUE	TRUE	FALSE	-100	999983	-1	0	0	0	31	645	TRUE	0.0101871500257434	0.55932163758405	2283	396	0.0243167165885485	12380000	78
20220612 000012	binary	custom	TRUE	TRUE	FALSE	-100	999983	-1	0	0	0	31	42	TRUE	0.188795595798103	0.257959367483306	7954	37	0.0138517757833983	13477000	79
20220612 000021	binary	custom	TRUE	TRUE	FALSE	-100	999983	-1	0	0	0	31	23	TRUE	0.202259171813418	0.200780805793748	7958	25	0.0204389259442008	12774000	80
20220612 000029	binary	custom	TRUE	TRUE	FALSE	-100	999983	-1	0	0	0	31	18	TRUE	0.176479236539964	0.759266306832571	7998	22	0.0121163132898848	12624000	81
20220612 000117	binary	custom	TRUE	TRUE	FALSE	-100	999983	-1	0	0	0	31	343	TRUE	0.0236740399442433	0.338727467098802	7982	79	0.00966038687220907	12015000	82
20220612 000127	binary	custom	TRUE	TRUE	FALSE	-100	999983	-1	0	0	0	31	21	TRUE	0.286251691998698	0.41501307059085	7983	123	0.0237114827469359	12419000	83
20220612 000143	binary	custom	TRUE	TRUE	FALSE	-100	999983	-1	0	0	0	31	112	TRUE	0.0723376547626753	0.805607167461415	6326	1020	0.0239718979326487	12501000	84
20220612 000154	binary	custom	TRUE	TRUE	FALSE	-100	999983	-1	0	0	0	31	47	TRUE	0.163494848916007	0.202540552963151	5535	264	0.0140290470673857	13357000	85
20220612 000420	binary	custom	TRUE	TRUE	FALSE	-100	999983	-1	0	0	0	31	69	TRUE	0.0100169145116752	0.331267933568353	3	785	0.015567703108604	770000	86
20220612 000514	binary	custom	TRUE	TRUE	FALSE	-100	999983	-1	0	0	0	31	266	TRUE	0.0172934601926302	0.995587609857378	1633	72	0.0160836789896507	13225000	87
20220612 000530	binary	custom	TRUE	TRUE	FALSE	-100	999983	-1	0	0	0	31	8	TRUE	0.299822885367358	0.479707979946817	1113	102	0.0150707919947732	11292000	88
20220612 000540	binary	custom	TRUE	TRUE	FALSE	-100	999983	-1	0	0	0	31	25	TRUE	0.267317565024843	0.283514130664895	4299	854	0.0152898859785533	12267000	89
20220612 000546	binary	custom	TRUE	TRUE	FALSE	-100	999983	-1	0	0	0	31	10	TRUE	0.299565839083088	0.998636973976229	7997	958	0.0163541675640627	12432000	90
20220612 000644	binary	custom	TRUE	TRUE	FALSE	-100	999983	-1	0	0	0	31	269	TRUE	0.0193560925601212	0.558835267407499	3111	97	0.0164216582008506	13689000	91
20220612 000701	binary	custom	TRUE	TRUE	FALSE	-100	999983	-1	0	0	0	31	71	TRUE	0.164903537606389	0.378598041642541	1361	76	0.00834782364661716	11912000	92
20220612 000712	binary	custom	TRUE	TRUE	FALSE	-100	999983	-1	0	0	0	31	28	TRUE	0.188947837703404	0.354855890103236	6198	94	0.0159250243975246	12833000	93
20220612 000724	binary	custom	TRUE	TRUE	FALSE	-100	999983	-1	0	0	0	31	40	TRUE	0.299995981839322	0.396562488569837	7996	1023	0.0154164770669223	12855000	94
20220612 000736	binary	custom	TRUE	TRUE	FALSE	-100	999983	-1	0	0	0	31	43	TRUE	0.299795358064991	0.996431722742269	1781	889	0.00834529232908586	11502000	95
20220612 000812	binary	custom	TRUE	TRUE	FALSE	-100	999983	-1	0	0	0	31	248	TRUE	0.0208276045141259	0.744920028171284	4340	744	0.0159974429416074	13475000	96
20220612 000942	binary	custom	TRUE	TRUE	FALSE	-100	999983	-1	0	0	0	31	432	TRUE	0.0144398210529023	0.46718005425524	2005	58	0.0162688628423068	13409000	97
20220612 001046	binary	custom	TRUE	TRUE	FALSE	-100	999983	-1	0	0	0	31	523	TRUE	0.0209003685517176	0.208564894004854	5789	646	0.0157768711467085	13517000	98
20220612 001057	binary	custom	TRUE	TRUE	FALSE	-100	999983	-1	0	0	0	31	25	TRUE	0.299912807908926	0.569758049513481	7991	683	0.0131234948414167	12766000	99
20220612 001113	binary	custom	TRUE	TRUE	FALSE	-100	999983	-1	0	0	0	31	69	TRUE	0.0901130837940619	0.307766033181273	8000	46	0.0161084005003327	13077000	100
20220612 001124	binary	custom	TRUE	TRUE	FALSE	-100	999983	-1	0	0	0	31	27	TRUE	0.17855624799007	0.646687626002963	4292	1024	0.0157640433881007	13385000	101
20220612 001138	binary	custom	TRUE	TRUE	FALSE	-100	999983	-1	0	0	0	31	34	TRUE	0.150328617340269	0.359027433383119	4288	694	0.0158053763610314	12869000	102
20220612 001147	binary	custom	TRUE	TRUE	FALSE	-100	999983	-1	0	0	0	31	21	TRUE	0.236269556013334	0.746093776945853	5434	1024	0.0134149806337047	12661000	103
20220612 001158	binary	custom	TRUE	TRUE	FALSE	-100	999983	-1	0	0	0	31	26	TRUE	0.233651250188292	0.656080062891369	2965	1024	0.0161207889977295	12729000	104
20220612 001233	binary	custom	TRUE	TRUE	FALSE	-100	999983	-1	0	0	0	31	226	TRUE	0.0172025895657331	0.742460743343306	1449	16	0.0158411239497389	13449000	105
20220612 001244	binary	custom	TRUE	TRUE	FALSE	-100	999983	-1	0	0	0	31	39	TRUE	0.160003694010908	0.998198315244892	4453	67	0.0158164137370064	12960000	106
20220612 001343	binary	custom	TRUE	TRUE	FALSE	-100	999983	-1	0	0	0	31	316	TRUE	0.0189778328558997	0.563981697456852	7724	1024	0.0159311062268498	13472000	107
20220612 001351	binary	custom	TRUE	TRUE	FALSE	-100	999983	-1	0	0	0	31	14	TRUE	0.258673592136561	0.640246711285158	7990	1024	0.0247657800050025	12001000	108
20220612 001400	binary	custom	TRUE	TRUE	FALSE	-100	999983	-1	0	0	0	31	37	TRUE	0.214545783949512	0.999710935416835	854	16	0.0159104546659063	11409000	109
20220612 001508	binary	custom	TRUE	TRUE	FALSE	-100	999983	-1	0	0	0	31	599	TRUE	0.0108597624035238	0.958258802923412	7997	905	0.0162140467749721	12983000	110
20220612 001517	binary	custom	TRUE	TRUE	FALSE	-100	999983	-1	0	0	0	31	20	TRUE	0.29995931688289	0.729384703729784	4435	1023	0.0246398735449398	11568000	111
20220612 001634	binary	custom	TRUE	TRUE	FALSE	-100	999983	-1	0	0	0	31	574	TRUE	0.0113423075147482	0.998809121931368	4278	277	0.0163720663100837	13174000	112
20220612 001831	binary	custom	TRUE	TRUE	FALSE	-100	999983	-1	0	0	0	31	827	TRUE	0.0102729958723415	0.331470569414362	7998	29	0.0477912823548146	7881000	113
20220612 001932	binary	custom	TRUE	TRUE	FALSE	-100	999983	-1	0	0	0	31	382	TRUE	0.0231595794484516	0.367880805443478	4344	807	0.015988843773082	13945000	114
20220612 002013	binary	custom	TRUE	TRUE	FALSE	-100	999983	-1	0	0	0	31	208	TRUE	0.0268591533710287	0.579129540073447	5499	906	0.0161853005588483	13443000	115
20220612 002028	binary	custom	TRUE	TRUE	FALSE	-100	999983	-1	0	0	0	31	94	TRUE	0.0677040139158693	0.999971758942442	7194	28	0.0156021042367166	13114000	116
20220612 002039	binary	custom	TRUE	TRUE	FALSE	-100	999983	-1	0	0	0	31	47	TRUE	0.253214845170119	0.220701190686339	8000	275	0.0083451178813863	11141000	117
20220612 002048	binary	custom	TRUE	TRUE	FALSE	-100	999983	-1	0	0	0	31	17	TRUE	0.299885008981949	0.733316112028446	5247	54	0.0153299216147934	12593000	118
20220612 002102	binary	custom	TRUE	TRUE	FALSE	-100	999983	-1	0	0	0	31	107	TRUE	0.170307690716682	0.984922875175418	7151	1024	0.0162612145789994	12902000	119
20220612 002114	binary	custom	TRUE	TRUE	FALSE	-100	999983	-1	0	0	0	31	42	TRUE	0.169156449423152	0.291162203746875	7999	320	0.0159985236493763	13316000	120