fecha	objective	metric	first_metric_only	boost_from_average	feature_pre_filter	verbosity	seed	max_depth	min_gain_to_split	max_bin	num_iterations	force_row_wise	learning_rate	feature_fraction	min_data_in_leaf	num_leaves	prob_corte	lambda_l1	lambda_l2	ganancia	iteracion
20220611 225056	binary	custom	TRUE	TRUE	FALSE	-100	999983	-1	0	31	23	TRUE	0.191112515046095	0.577726750069165	4896	719	0.022506497996316	57.3230892386554	23.048027115874	10495000	1
20220611 225103	binary	custom	TRUE	TRUE	FALSE	-100	999983	-1	0	31	50	TRUE	0.126428965271002	0.818346644246152	1985	170	0.0253442373631905	29.0346066010118	33.5425429545077	11719000	2
20220611 225117	binary	custom	TRUE	TRUE	FALSE	-100	999983	-1	0	31	83	TRUE	0.22329412281006	0.4916486169012	6232	466	0.0423669351098527	24.4930048298556	91.7104968052757	8942000	3
20220611 225125	binary	custom	TRUE	TRUE	FALSE	-100	999983	-1	0	31	44	TRUE	0.18280754257559	0.887758359652279	3528	562	0.0457812497107495	20.7778515942794	26.0711966440015	7794000	4
20220611 225133	binary	custom	TRUE	TRUE	FALSE	-100	999983	-1	0	31	38	TRUE	0.240178990285744	0.601030668177243	4294	80	0.0327773714097843	54.8061513366909	67.9525645832265	10569000	5
20220611 225206	binary	custom	TRUE	TRUE	FALSE	-100	999983	-1	0	31	295	TRUE	0.0352301022071957	0.32040734652962	4843	613	0.0312161957708581	79.5650477354814	58.7565884842271	7894000	6
20220611 225227	binary	custom	TRUE	TRUE	FALSE	-100	999983	-1	0	31	164	TRUE	0.11055623240902	0.444973193142297	5461	438	0.0174192250846924	45.5397511832416	36.1069359666934	12014000	7
20220611 225244	binary	custom	TRUE	TRUE	FALSE	-100	999983	-1	0	31	140	TRUE	0.025114478547309	0.782127386697435	4074	801	0.0235497010648639	72.5564171052871	85.7477458909021	10853000	8
20220611 225254	binary	custom	TRUE	TRUE	FALSE	-100	999983	-1	0	31	100	TRUE	0.116317889574483	0.653464966905968	2487	630	0.040238958167971	28.4872705291491	54.8598894283974	9328000	9
20220611 225301	binary	custom	TRUE	TRUE	FALSE	-100	999983	-1	0	31	11	TRUE	0.290492733102375	0.289046221545764	5754	329	0.00973371878998088	62.1475353737229	11.465355279922	11224000	10
20220611 225307	binary	custom	TRUE	TRUE	FALSE	-100	999983	-1	0	31	38	TRUE	0.200277206318902	0.871197288762778	7710	346	0.0269532702907565	76.0246277337761	18.8567823522525	9785000	11
20220611 225313	binary	custom	TRUE	TRUE	FALSE	-100	999983	-1	0	31	13	TRUE	0.237368496103029	0.996100806750889	2142	879	0.0204203283701125	48.3492651247486	67.0960306123431	11457000	12
20220611 225319	binary	custom	TRUE	TRUE	FALSE	-100	999983	-1	0	31	33	TRUE	0.150841462075062	0.767502299230546	1293	284	0.0491905580917817	51.0624715551135	4.35238430758805	7114000	13
20220611 225452	binary	custom	TRUE	TRUE	FALSE	-100	999983	-1	0	31	776	TRUE	0.0156191997781363	0.528584093773471	7776	236	0.0166425196413738	17.0224281634936	79.2899440516651	12647000	14
20220611 225527	binary	custom	TRUE	TRUE	FALSE	-100	999983	-1	0	31	94	TRUE	0.061329207427833	0.571043154783547	980	763	0.0152399703873449	7.082947116578	48.4712719917297	13090000	15
20220611 225537	binary	custom	TRUE	TRUE	FALSE	-100	999983	-1	0	31	37	TRUE	0.280264710733401	0.479351059247607	3335	844	0.0368335057984777	66.9733495617818	62.1012815823113	4405000	16
20220611 225554	binary	custom	TRUE	TRUE	FALSE	-100	999983	-1	0	31	146	TRUE	0.0929936647461727	0.242867484482537	5173	940	0.0394434087410835	38.8497216618686	52.9173284311712	8823000	17
20220611 225601	binary	custom	TRUE	TRUE	FALSE	-100	999983	-1	0	31	46	TRUE	0.141418336163957	0.929845418355295	2576	518	0.0138786749991206	35.1932095155852	15.6276826513931	11764000	18
20220611 225606	binary	custom	TRUE	TRUE	FALSE	-100	999983	-1	0	31	1	TRUE	0.174982469190727	0.971289891377092	3918	1016	0.0438428930631961	68.5132579537042	82.9987589469446	0	19
20220611 225617	binary	custom	TRUE	TRUE	FALSE	-100	999983	-1	0	31	52	TRUE	0.213477733257709	0.402219686850107	7026	19	0.048342578206835	41.1767042300198	45.8448387882007	2878000	20
20220611 225623	binary	custom	TRUE	TRUE	FALSE	-100	999983	-1	0	31	1	TRUE	0.0866479002913859	0.670080574329144	84	899	0.045296431237269	98.8487508954547	1.04032496456057	0	21
20220611 225645	binary	custom	TRUE	TRUE	FALSE	-100	999983	-1	0	31	66	TRUE	0.274770648449027	0.357439518294164	3112	385	0.0201824779684622	1.38938792099777	30.8787641872186	12663000	22
20220611 225653	binary	custom	TRUE	TRUE	FALSE	-100	999983	-1	0	31	1	TRUE	0.0455184042552719	0.724775487177872	6852	125	0.0299498977372423	95.4489733175641	94.4870289373544	0	23
20220611 225700	binary	custom	TRUE	TRUE	FALSE	-100	999983	-1	0	31	14	TRUE	0.256785169591728	0.217184044001624	6366	983	0.0114316226278398	88.5962814890913	78.0612794125253	11157000	24
20220611 225711	binary	custom	TRUE	TRUE	FALSE	-100	999983	-1	0	31	15	TRUE	0.0773879369872156	0.37631564594007	1663	681	0.0103465744214537	84.8650775342581	10.0647420140116	11404000	25
20220611 225716	binary	custom	TRUE	TRUE	FALSE	-100	999983	-1	0	31	22	TRUE	0.261542273805826	0.688168820758749	528	93	0.0280500296730593	92.0487696903625	72.0993358334194	9888000	26
20220611 225753	binary	custom	TRUE	TRUE	FALSE	-100	999983	-1	0	31	390	TRUE	0.0697127499390626	0.277580432966352	776	230	0.0337806007084769	10.6304006967028	98.6236721243975	11202000	27
20220611 225802	binary	custom	TRUE	TRUE	FALSE	-100	999983	-1	0	31	84	TRUE	0.162050369954917	0.830186938966758	7422	530	0.0352469844523252	11.3444330054335	39.7948634977053	10277000	28
20220611 225820	binary	custom	TRUE	TRUE	FALSE	-100	999983	-1	0	31	129	TRUE	0.158233375663464	0.310597857378536	3567	523	0.0168136020038264	17.4202635224166	83.345685443251	13292000	29
20220611 225829	binary	custom	TRUE	TRUE	FALSE	-100	999983	-1	0	31	27	TRUE	0.184056668339247	0.315197759485782	645	76	0.0183175333534307	73.8173230929795	68.5629180692285	10982000	30
20220611 230052	binary	custom	TRUE	TRUE	FALSE	-100	999983	-1	0	31	1300	TRUE	0.0100013355627254	0.367875136167904	4506	929	0.0183907322413993	11.0681405764079	71.8074739855714	13067000	31
20220611 230109	binary	custom	TRUE	TRUE	FALSE	-100	999983	-1	0	31	79	TRUE	0.137412165149911	0.785923784144565	4272	368	0.0164451079248065	6.58692791496498	68.61390601949	12839000	32
20220611 230155	binary	custom	TRUE	TRUE	FALSE	-100	999983	-1	0	31	451	TRUE	0.0304403466122514	0.244840761812184	3896	331	0.0150072232759339	12.7759691516213	34.6211477308316	13123000	33
20220611 230206	binary	custom	TRUE	TRUE	FALSE	-100	999983	-1	0	31	32	TRUE	0.264970250688673	0.247408673698402	4263	242	0.0293719740835331	0.0163629957386693	60.1273357210708	11921000	34
20220611 230212	binary	custom	TRUE	TRUE	FALSE	-100	999983	-1	0	31	17	TRUE	0.281614041832555	0.682510687154326	863	305	0.0220357080026254	39.5630335967744	84.0602988252745	12858000	35
20220611 230244	binary	custom	TRUE	TRUE	FALSE	-100	999983	-1	0	31	252	TRUE	0.027460462336265	0.206225265458458	4001	475	0.026396520961028	35.0518546187537	93.9943369582856	11635000	36
20220611 230258	binary	custom	TRUE	TRUE	FALSE	-100	999983	-1	0	31	92	TRUE	0.243305306131528	0.36668229479679	6056	754	0.0136381362234319	12.922861602284	53.3181704244504	12838000	37
20220611 230308	binary	custom	TRUE	TRUE	FALSE	-100	999983	-1	0	31	34	TRUE	0.267214853916497	0.57351548773425	620	291	0.0178092620948932	14.6175022684674	64.89883272235	13010000	38
20220611 230547	binary	custom	TRUE	TRUE	FALSE	-100	999983	-1	0	31	1476	TRUE	0.0113225757464727	0.505122690208401	4423	753	0.0110959654036146	24.6240911532455	73.2962587838096	12353000	39
20220611 230559	binary	custom	TRUE	TRUE	FALSE	-100	999983	-1	0	31	46	TRUE	0.299987017223892	0.465797475021177	7997	385	0.0162382516232192	5.59490616651709	69.6820271656689	13363000	40
20220611 230631	binary	custom	TRUE	TRUE	FALSE	-100	999983	-1	0	31	318	TRUE	0.0639575897670844	0.239549495370056	8000	550	0.0150500278644667	0.0289073719883897	50.4364715369147	13585000	41
20220611 230641	binary	custom	TRUE	TRUE	FALSE	-100	999983	-1	0	31	44	TRUE	0.247624486317258	0.621155721784067	7991	105	0.0154839097177379	0.355500678306174	6.34208499193989	12453000	42
20220611 230903	binary	custom	TRUE	TRUE	FALSE	-100	999983	-1	0	31	1019	TRUE	0.0101332768323628	0.45968335104573	1913	521	0.0200603693685625	0.202979040694512	79.8651064827904	13032000	43
20220611 230914	binary	custom	TRUE	TRUE	FALSE	-100	999983	-1	0	31	27	TRUE	0.267517350470096	0.257037622880992	623	395	0.00873719104029422	0.0439341380136733	37.6427079459085	12518000	44
20220611 231032	binary	custom	TRUE	TRUE	FALSE	-100	999983	-1	0	31	543	TRUE	0.0106407632133713	0.212309641446975	4041	340	0.0346560444066324	1.22314575137236	0.0266876051705401	10688000	45
20220611 231123	binary	custom	TRUE	TRUE	FALSE	-100	999983	-1	0	31	702	TRUE	0.0205940596458374	0.985932082513862	7998	649	0.0155193742623222	10.3305901297578	43.1463090172948	12652000	46
20220611 231206	binary	custom	TRUE	TRUE	FALSE	-100	999983	-1	0	31	427	TRUE	0.0846666414828802	0.252723342134087	7990	983	0.0151357927949575	9.83407674209641	90.7173539363935	13556000	47
20220611 231223	binary	custom	TRUE	TRUE	FALSE	-100	999983	-1	0	31	117	TRUE	0.209450927702075	0.347055289265779	7999	441	0.0129285336837211	0.371673779517198	96.2931080858133	13332000	48
20220611 231255	binary	custom	TRUE	TRUE	FALSE	-100	999983	-1	0	31	432	TRUE	0.16395876376528	0.200114851086323	7998	589	0.0147428335648013	17.5320632201668	75.2489194823158	13010000	49
20220611 231310	binary	custom	TRUE	TRUE	FALSE	-100	999983	-1	0	31	63	TRUE	0.260455272668157	0.494290910818127	2285	757	0.014643150621584	0.550737637635217	99.1142670370054	13413000	50
20220611 231353	binary	custom	TRUE	TRUE	FALSE	-100	999983	-1	0	31	365	TRUE	0.0486351924577487	0.420664370975586	7094	771	0.0157866795589304	0.00275097619487135	99.1345738566845	13278000	51
20220611 231407	binary	custom	TRUE	TRUE	FALSE	-100	999983	-1	0	31	56	TRUE	0.296336743066841	0.415440997257842	2927	245	0.0143293469602556	0.0277392437353252	83.509714167031	13658000	52
20220611 231433	binary	custom	TRUE	TRUE	FALSE	-100	999983	-1	0	31	219	TRUE	0.0853426105501324	0.200603095226105	1222	1014	0.013737378895216	2.66089521628153	91.7015302145654	13251000	53
20220611 231522	binary	custom	TRUE	TRUE	FALSE	-100	999983	-1	0	31	443	TRUE	0.010213946114089	0.813045102326948	193	571	0.0146566221559849	35.1868339568318	99.0837309506133	12804000	54
20220611 231531	binary	custom	TRUE	TRUE	FALSE	-100	999983	-1	0	31	44	TRUE	0.297140907944131	0.887717758337353	3371	226	0.0200148017166146	2.90796615779026	99.8393679371489	12864000	55
20220611 231543	binary	custom	TRUE	TRUE	FALSE	-100	999983	-1	0	31	60	TRUE	0.29031466526553	0.20018541942466	6185	1016	0.015070072298051	0.0427454276879753	94.1656343525433	13352000	56
20220611 231552	binary	custom	TRUE	TRUE	FALSE	-100	999983	-1	0	31	56	TRUE	0.299930221518428	0.68981044626854	7987	844	0.0087418402394355	0.852516188133729	89.0121046683873	11679000	57
20220611 231600	binary	custom	TRUE	TRUE	FALSE	-100	999983	-1	0	31	30	TRUE	0.298231370246992	0.793683148914572	59	16	0.0321445565214969	3.77313375712398	50.2398363610341	11269000	58
20220611 231613	binary	custom	TRUE	TRUE	FALSE	-100	999983	-1	0	31	87	TRUE	0.298919306638041	0.201215674840669	2258	458	0.0146550984060421	0.134867285285561	58.5587987283056	13099000	59
20220611 231748	binary	custom	TRUE	TRUE	FALSE	-100	999983	-1	0	31	772	TRUE	0.0133207523902126	0.384659537941893	7985	378	0.0130173833481373	0.464547239927577	31.5003447006588	13235000	60
20220611 231756	binary	custom	TRUE	TRUE	FALSE	-100	999983	-1	0	31	37	TRUE	0.290826377189859	0.629551018916636	1751	340	0.0132003289922646	23.9120861044543	98.3376157798883	12780000	61
20220611 231808	binary	custom	TRUE	TRUE	FALSE	-100	999983	-1	0	31	47	TRUE	0.268135562663193	0.37970127157842	4447	352	0.0161642578407663	0.0450986703041105	91.9899074901931	13316000	62
20220611 231838	binary	custom	TRUE	TRUE	FALSE	-100	999983	-1	0	31	195	TRUE	0.077844092506723	0.420843333620949	2091	310	0.0138868663242756	0.168276103885168	77.6682906928074	13438000	63
20220611 231902	binary	custom	TRUE	TRUE	FALSE	-100	999983	-1	0	31	137	TRUE	0.0503018861661632	0.383569103716764	2805	1022	0.0154845084650773	22.7280299758054	96.7721780881675	12648000	64
20220611 231938	binary	custom	TRUE	TRUE	FALSE	-100	999983	-1	0	31	315	TRUE	0.0515571102003329	0.303950154798089	8000	1019	0.0199292068124023	0.062319268596105	78.6214887306774	13465000	65
20220611 232035	binary	custom	TRUE	TRUE	FALSE	-100	999983	-1	0	31	589	TRUE	0.0381672881377149	0.272829853344502	7992	958	0.0144271029453709	0.0538348961921386	76.559733072328	13693000	66
20220611 232043	binary	custom	TRUE	TRUE	FALSE	-100	999983	-1	0	31	37	TRUE	0.123760033478213	0.998768770779059	33	74	0.0262530905779325	50.2190807395265	77.7337073181621	11267000	67
20220611 232113	binary	custom	TRUE	TRUE	FALSE	-100	999983	-1	0	31	45	TRUE	0.0585292336369822	0.440626159763933	6	582	0.0134260897719253	0.296214434422895	82.9988008918674	12931000	68
20220611 232126	binary	custom	TRUE	TRUE	FALSE	-100	999983	-1	0	31	42	TRUE	0.230344393499383	0.565121737788562	2691	396	0.0175295668131639	0.687024250155386	82.3239985805491	13657000	69
20220611 232142	binary	custom	TRUE	TRUE	FALSE	-100	999983	-1	0	31	116	TRUE	0.190695348059568	0.223404666874949	7832	792	0.0169487347727772	3.68595792810063	76.3670515071337	13091000	70
20220611 232204	binary	custom	TRUE	TRUE	FALSE	-100	999983	-1	0	31	76	TRUE	0.247040959721607	0.48669778648832	3077	88	0.0138100134141531	0.465062593596498	48.3624118328604	13019000	71
20220611 232240	binary	custom	TRUE	TRUE	FALSE	-100	999983	-1	0	31	379	TRUE	0.0827780976548325	0.206120820871116	6458	1024	0.014137588784809	0.119336753482412	84.2390740694468	13446000	72
20220611 232433	binary	custom	TRUE	TRUE	FALSE	-100	999983	-1	0	31	994	TRUE	0.0117191388122308	0.339206999297379	8000	856	0.0175156124236257	6.33407788860162	17.2207719084612	13334000	73
20220611 232447	binary	custom	TRUE	TRUE	FALSE	-100	999983	-1	0	31	67	TRUE	0.234713569956104	0.298192223489955	2923	490	0.0132988425806898	0.920961528541243	86.2014193495738	13621000	74
20220611 232516	binary	custom	TRUE	TRUE	FALSE	-100	999983	-1	0	31	93	TRUE	0.0108749317174254	0.872306428766525	80	911	0.00839220793421717	76.4541891107227	76.0387994709814	11131000	75
20220611 232529	binary	custom	TRUE	TRUE	FALSE	-100	999983	-1	0	31	56	TRUE	0.0969317021273602	0.810506402653516	1206	626	0.0167142971453212	1.75575314645995	88.118047249061	13220000	76
20220611 232545	binary	custom	TRUE	TRUE	FALSE	-100	999983	-1	0	31	70	TRUE	0.09548940637985	0.200785135042442	1550	829	0.0112697719307491	0.0273318644683413	14.4096035719443	12910000	77
20220611 232908	binary	custom	TRUE	TRUE	FALSE	-100	999983	-1	0	31	2674	TRUE	0.0102180705398239	0.272995088638549	7983	1018	0.0163043739626111	31.1228085432434	50.3946657485858	12495000	78
20220611 233010	binary	custom	TRUE	TRUE	FALSE	-100	999983	-1	0	31	486	TRUE	0.0250189582230946	0.420917193016715	7988	626	0.0190795917584308	0.124877762156748	40.9230096689629	13106000	79
20220611 233033	binary	custom	TRUE	TRUE	FALSE	-100	999983	-1	0	31	288	TRUE	0.0704869742076135	0.717776444782019	7992	978	0.0151032147896211	0.0148998103229148	85.365936780739	13189000	80
20220611 233047	binary	custom	TRUE	TRUE	FALSE	-100	999983	-1	0	31	57	TRUE	0.23296482485584	0.396119058211745	1498	490	0.0148512385002662	0.580034728321656	84.6225223499712	13435000	81
20220611 233105	binary	custom	TRUE	TRUE	FALSE	-100	999983	-1	0	31	108	TRUE	0.299189100229499	0.422179395367529	3025	509	0.0190706233593751	6.07633948634858	86.7227976448235	13403000	82
20220611 233129	binary	custom	TRUE	TRUE	FALSE	-100	999983	-1	0	31	187	TRUE	0.129698120594522	0.431214764009346	2721	415	0.0146917930700373	10.3279937241099	92.2320864705338	13571000	83
20220611 233200	binary	custom	TRUE	TRUE	FALSE	-100	999983	-1	0	31	273	TRUE	0.0946227421999584	0.252820511988856	3011	761	0.0144973802850901	0.326528047031545	83.2480374442873	13489000	84
20220611 233242	binary	custom	TRUE	TRUE	FALSE	-100	999983	-1	0	31	305	TRUE	0.0602924012981798	0.359499816553402	7618	477	0.0145085708787414	6.34059931886174	1.21521770438446	13441000	85
20220611 233303	binary	custom	TRUE	TRUE	FALSE	-100	999983	-1	0	31	182	TRUE	0.228717227396336	0.200293782736294	2196	994	0.00840746788785126	0.124718313581736	95.3910545864705	11708000	86
20220611 233315	binary	custom	TRUE	TRUE	FALSE	-100	999983	-1	0	31	44	TRUE	0.247222665035314	0.581625378365366	3099	381	0.0235231772356868	11.5812065768282	81.0364038800705	12689000	87
20220611 233334	binary	custom	TRUE	TRUE	FALSE	-100	999983	-1	0	31	106	TRUE	0.111771658315935	0.226207869165919	439	1017	0.0198139481140684	3.33128492986416	93.8022609876337	12979000	88
20220611 233413	binary	custom	TRUE	TRUE	FALSE	-100	999983	-1	0	31	389	TRUE	0.067528502425168	0.3068748421116	7907	553	0.0140922555192669	1.55173281272151	80.5869455997729	13729000	89
20220611 233521	binary	custom	TRUE	TRUE	FALSE	-100	999983	-1	0	31	427	TRUE	0.014017322364399	0.323088699953816	558	389	0.0140807713281686	9.07075085037427	0.0963744600803966	13368000	90
20220611 233607	binary	custom	TRUE	TRUE	FALSE	-100	999983	-1	0	31	66	TRUE	0.0100601228911776	0.241367292761582	1101	237	0.0086639727504051	9.2490949277803	0.383620739603514	12346000	91
20220611 233626	binary	custom	TRUE	TRUE	FALSE	-100	999983	-1	0	31	88	TRUE	0.0929374167404182	0.200043634325866	989	403	0.0169158335141037	0.088243356575668	6.47430509362271	13215000	92
20220611 233643	binary	custom	TRUE	TRUE	FALSE	-100	999983	-1	0	31	124	TRUE	0.299288204554821	0.320446778395319	7852	1005	0.0137743146708128	0.915836334387215	86.359568817395	13300000	93
20220611 233716	binary	custom	TRUE	TRUE	FALSE	-100	999983	-1	0	31	254	TRUE	0.08069505634778	0.469407700325872	7999	520	0.0144308964289148	1.78944702674166	68.785153678967	13465000	94
20220611 233803	binary	custom	TRUE	TRUE	FALSE	-100	999983	-1	0	31	411	TRUE	0.0245675100372869	0.200711766455019	7925	420	0.0166320497434324	0.110990034000506	0.303321332804141	13429000	95
20220611 233815	binary	custom	TRUE	TRUE	FALSE	-100	999983	-1	0	31	27	TRUE	0.225992450407359	0.253182476509198	610	386	0.013283756490751	3.30378637895857	1.32293171699566	11923000	96
20220611 234007	binary	custom	TRUE	TRUE	FALSE	-100	999983	-1	0	31	1039	TRUE	0.0141085051447999	0.204953501116143	900	552	0.0144081223462099	3.35058438396578	29.3717921932386	13491000	97
20220611 234158	binary	custom	TRUE	TRUE	FALSE	-100	999983	-1	0	31	571	TRUE	0.0100876676119831	0.302326207273303	1251	798	0.017640219320594	0.0494911725425989	0.449808024702356	13417000	98
20220611 234359	binary	custom	TRUE	TRUE	FALSE	-100	999983	-1	0	31	868	TRUE	0.0100945091023485	0.408702487934937	1910	463	0.0170010315769553	8.243128072997	10.7836532776208	13428000	99
20220611 234430	binary	custom	TRUE	TRUE	FALSE	-100	999983	-1	0	31	191	TRUE	0.0665637604209037	0.218042153690494	2350	425	0.0174392613552791	8.38841540997654	78.9736050127505	13369000	100
20220611 234551	binary	custom	TRUE	TRUE	FALSE	-100	999983	-1	0	31	659	TRUE	0.0102256976773304	0.257664122025797	336	508	0.019385988568091	28.1702365538445	9.42846739955666	12362000	101
20220611 234642	binary	custom	TRUE	TRUE	FALSE	-100	999983	-1	0	31	357	TRUE	0.0252575269511342	0.345155862918175	5953	575	0.0159296309937716	0.630201367378725	0.0955020854166085	13526000	102
20220611 234753	binary	custom	TRUE	TRUE	FALSE	-100	999983	-1	0	31	352	TRUE	0.0103994603314686	0.72925506541478	1085	657	0.0143790907645079	0.215662160698918	5.73748478532935	13635000	103
20220611 234906	binary	custom	TRUE	TRUE	FALSE	-100	999983	-1	0	31	433	TRUE	0.0122933296927577	0.620831200179636	3263	654	0.014370719215627	1.13299106303737	0.148391619105568	13489000	104
20220611 235048	binary	custom	TRUE	TRUE	FALSE	-100	999983	-1	0	31	635	TRUE	0.0104616067019539	0.688605705363934	782	408	0.0168691836237582	0.113049340222825	7.23252966304638	13550000	105
20220611 235212	binary	custom	TRUE	TRUE	FALSE	-100	999983	-1	0	31	553	TRUE	0.0106210811184517	0.660697089737615	1250	444	0.0140950094569098	0.00574048697357383	13.4739835821245	13629000	106
20220611 235220	binary	custom	TRUE	TRUE	FALSE	-100	999983	-1	0	31	52	TRUE	0.29545116324064	0.897615662238136	7984	382	0.0239180765905907	8.35133737634183	0.897421450039558	12235000	107
20220611 235237	binary	custom	TRUE	TRUE	FALSE	-100	999983	-1	0	31	69	TRUE	0.170101663706167	0.545847512760294	1096	256	0.0179017853937202	0.193029749386733	99.6032650587858	13238000	108
20220611 235517	binary	custom	TRUE	TRUE	FALSE	-100	999983	-1	0	31	1780	TRUE	0.0105791339211194	0.246914887973635	7734	495	0.0143833753425043	1.59228062812499	63.350965813853	13416000	109
20220611 235549	binary	custom	TRUE	TRUE	FALSE	-100	999983	-1	0	31	202	TRUE	0.061763842987633	0.262688530098487	7694	610	0.0145613211433156	0.103386247675356	17.4463023136472	13469000	110
20220611 235631	binary	custom	TRUE	TRUE	FALSE	-100	999983	-1	0	31	612	TRUE	0.0109805744744759	0.928627615823417	7982	756	0.0115095716877107	78.5073132881204	0.824482319718219	10802000	111
20220611 235821	binary	custom	TRUE	TRUE	FALSE	-100	999983	-1	0	31	1298	TRUE	0.0105736722594887	0.832521986201184	5146	1024	0.0177872574824133	0.695623617030356	3.85817663256296	13043000	112
20220611 235858	binary	custom	TRUE	TRUE	FALSE	-100	999983	-1	0	31	159	TRUE	0.0424048956620296	0.522356289051438	1035	563	0.0148129291976869	0.25276648650615	9.25033225127036	13801000	113
20220611 235925	binary	custom	TRUE	TRUE	FALSE	-100	999983	-1	0	31	135	TRUE	0.0531285249330947	0.365343449783405	2750	493	0.0142743618101459	0.000784543661021958	22.6927843177904	13094000	114
20220612 000024	binary	custom	TRUE	TRUE	FALSE	-100	999983	-1	0	31	550	TRUE	0.0146411589441638	0.632917494813059	7554	648	0.0159102116313724	0.205161231344036	0.117203215001865	13214000	115
20220612 000207	binary	custom	TRUE	TRUE	FALSE	-100	999983	-1	0	31	606	TRUE	0.0154740039568947	0.540628638158986	993	542	0.0149823179494617	4.55416211489592	6.04332151229168	13554000	116
20220612 000252	binary	custom	TRUE	TRUE	FALSE	-100	999983	-1	0	31	334	TRUE	0.0154421010413081	0.204048970063382	3449	387	0.0131005453123828	50.953351046929	97.9505448320268	11883000	117
20220612 000400	binary	custom	TRUE	TRUE	FALSE	-100	999983	-1	0	31	854	TRUE	0.014977482702952	0.999685965639891	3301	446	0.013935270155289	9.62070722568917	98.3806670019385	12951000	118
20220612 000412	binary	custom	TRUE	TRUE	FALSE	-100	999983	-1	0	31	51	TRUE	0.270222718543808	0.533090063661077	2671	16	0.0187771200077681	12.7438357821776	82.932044979707	13393000	119
20220612 000423	binary	custom	TRUE	TRUE	FALSE	-100	999983	-1	0	31	42	TRUE	0.26702254532385	0.620195058338646	3400	325	0.0140389336162384	0.456394558126069	82.8814380922495	13435000	120
20220612 000537	binary	custom	TRUE	TRUE	FALSE	-100	999983	-1	0	31	770	TRUE	0.0188966538931757	0.200168334151626	5164	988	0.0329244565437196	0.0166178947091222	89.2155140822681	11031000	121
20220612 000645	binary	custom	TRUE	TRUE	FALSE	-100	999983	-1	0	31	321	TRUE	0.0200158137482165	0.306320693263197	595	154	0.0147537771557979	0.0923944395567072	12.1675677713448	13455000	122
20220612 000709	binary	custom	TRUE	TRUE	FALSE	-100	999983	-1	0	31	258	TRUE	0.0409964779516068	0.903501401964242	3811	302	0.0178645308938152	8.92233096833529	0.021626674107913	12591000	123
20220612 000728	binary	custom	TRUE	TRUE	FALSE	-100	999983	-1	0	31	56	TRUE	0.0757644845669517	0.996840269606837	353	325	0.0106744150866352	0.0316935230867372	33.3708570103866	12882000	124
20220612 000733	binary	custom	TRUE	TRUE	FALSE	-100	999983	-1	0	31	8	TRUE	0.299839285096888	0.998772927150318	2935	261	0.00855447904638846	99.8410497195711	56.4386917346463	10141000	125
20220612 000759	binary	custom	TRUE	TRUE	FALSE	-100	999983	-1	0	31	53	TRUE	0.0547556391071955	0.554353220573068	371	671	0.0128507239203215	0.0543804941720768	7.04931792702448	13434000	126
20220612 000819	binary	custom	TRUE	TRUE	FALSE	-100	999983	-1	0	31	99	TRUE	0.0371908957233538	0.976576258481612	5121	824	0.010898504156346	0.0270141479248452	0.0799683512424155	12606000	127
20220612 000829	binary	custom	TRUE	TRUE	FALSE	-100	999983	-1	0	31	32	TRUE	0.299377469029976	0.340673836653609	7988	225	0.0273845230418117	19.2342237351726	9.19170664228032	11499000	128