Feature	Gain	Cover	Frequency
ctrx_quarter	0.0623609232446776	0.00581517648414583	0.00391256040952374
ctrx_quarter_normalizado	0.0577099015658848	0.00628596337947577	0.00421929423953867
mcaja_ahorro	0.0437245136541045	0.00619699203261386	0.00669361380165909
mdescubierto_preacordado_tend6	0.0367528190484347	0.00198238909688262	0.000674814426032841
mtarjeta_visa_consumo	0.0259214464749892	0.00596280737730572	0.00424655946887333
ctarjeta_visa_trx	0.023729958212602	0.00546329608033829	0.00443059976688229
mcuentas_saldo	0.0219630110049381	0.0108652114350761	0.00771605990170885
mcaja_ahorro_lag1	0.0218902704646596	0.00300020684699998	0.00447149761088428
mv_status07_tend6	0.0202115101639224	0.000821552848089801	0.000327182752015923
mpasivos_margen	0.0195402580423585	0.00556316384840728	0.00443059976688229
cpayroll_trx	0.0161382475461793	0.0063117568608645	0.00116558855405673
mv_status05_tend6	0.0152341279877931	0.00133144532439637	0.00055212089402687
mv_status01_tend6	0.011493277490124	0.00106801517358431	0.00052485566469221
mpayroll	0.0112525328241014	0.00781036412341465	0.00248795217678775
mdescubierto_preacordado	0.0109557111558454	0.000716657503976121	0.000558937201360535
mprestamos_personales	0.0108515984597825	0.0115666740919469	0.0034149699741662
mcaja_ahorro_avg6	0.0101903963747564	0.00348984954649689	0.00530990341292508
mpayroll_sobre_edad	0.00992394136958827	0.00724120362596607	0.00257656417212539
mpasivos_margen_avg6	0.00891630112027089	0.00204384283946439	0.00371488749684746
cproductos_tend6	0.00877352112436669	0.00557648827265869	0.00224256511277581
cprestamos_personales_tend6	0.00869244257089467	0.00256623177090126	0.000988364563381434
mvr_msaldototal	0.00749672379664237	0.00181237014212781	0.00208579004410151
cpayroll_trx_lag1	0.00733901501249131	0.0024170015531513	0.00100881348538243
mcuentas_saldo_tend6	0.0072274026358811	0.00263466122869505	0.00482594559223486
mdescubierto_preacordado_delta1	0.00699872914109563	0.00534182951680541	0.00101562979271609
ctrx_quarter_normalizado_avg6	0.00687594146477628	0.00180308638984071	0.00277423708480168
mes_lag1	0.00686479453939259	0.00690710287926799	0.00663908334298977
mcuenta_corriente	0.00669264578090888	0.00359868665493356	0.00529627079825775
ctrx_quarter_normalizado_lag1	0.00664404348407503	0.0015984299436307	0.00279468600680267
ctrx_quarter_lag1	0.00650711692145938	0.00179913132552112	0.00310823614415127
ctrx_quarter_avg6	0.00638691909112179	0.001927460554295	0.00283558385080467
mcuenta_corriente_tend6	0.00599246718628568	0.00320572624132214	0.00477823144089921
mprestamos_personales_tend6	0.0059227200975978	0.00615700882919551	0.00209260635143517
mv_mpagospesos	0.00518955897655482	0.00138199027677424	0.00213350419543716
foto_mes	0.00512108593842182	0.00569351356832994	0.00697989870967302
mv_Finiciomora	0.00508298834066207	0.00382375868457741	0.000770242728704152
mv_msaldopesos	0.0049176829531523	0.00222131857030792	0.00242660541078476
mdescubierto_preacordado_avg6	0.00471505540886029	0.000911235079769506	0.000906568875377453
mcomisiones_mantenimiento_tend6	0.0046848553008672	0.00518833434481529	0.00398753979019406
mprestamos_personales_lag1	0.00464195681821743	0.00206277502994511	0.00157456699407663
mv_status04	0.00455558459858293	0.000862453086273096	0.000613467660029856
mv_status06_tend6	0.00443564454608163	0.000720474381331129	0.000313550137348593
mcuenta_corriente_lag1	0.00431979779227045	0.00275550069738867	0.0041170496295337
mactivos_margen	0.00417187844755587	0.00426527312974367	0.00524174033958843
ccomisiones_mantenimiento_tend6	0.00383808783152997	0.00443865122030415	0.00193583128276088
Visa_msaldopesos	0.00369525147030033	0.0033022387749178	0.00376260164818311
mcaja_ahorro_dolares_delta1	0.00356303504823081	0.00829758205619972	0.00359901027217515
Visa_Finiciomora	0.00356008411761909	0.00493396685601366	0.000913385182711118
cproductos_delta1	0.0034110803917681	0.0044763606563053	0.000892936260710123
mcuentas_saldo_lag1	0.00325489445664337	0.0055651922752207	0.00599835045362525
mprestamos_personales_avg6	0.00311833380878777	0.00200244957040747	0.00162909745274595
mes	0.00309648360770917	0.00457591689412081	0.00447831391821794
mcuenta_corriente_avg6	0.0030961855826551	0.00452527511776776	0.00666634857232443
mautoservicio	0.00309541637074976	0.00294051162996747	0.00254929894279073
mcaja_ahorro_delta1	0.00306469892232461	0.00678361245525385	0.00444423238154962
mtransferencias_recibidas	0.00306158482992517	0.0042315867210447	0.00351721458417117
mprestamos_personales_delta1	0.00305702619849697	0.00845780343546581	0.00244705433278576
mactivos_margen_avg6	0.00303567576111498	0.00452721394693747	0.0051122305002488
cprestamos_personales_avg6	0.00297033473048099	0.00303254299571172	0.00181313775075491
cpayroll_trx_avg6	0.00297020485871034	0.00333151224474788	0.00164954637474694
ctarjeta_visa_trx_tend6	0.00284932343759415	0.00253281335713359	0.00327182752015923
cliente_edad_avg6	0.00283744456563383	0.00685717003706656	0.00775014143837717
mpayroll_sobre_edad_lag1	0.00282852326100448	0.00200231493010865	0.00177905621408658
mcuentas_saldo_avg6	0.00275618038569936	0.00320160878404418	0.00481231297756753
mrentabilidad_avg6	0.0027551407447117	0.00282406209114864	0.00417839639553668
Master_mfinanciacion_limite	0.00275244007919302	0.00238669210225342	0.00391937671685741
mcuenta_corriente_delta1	0.00271530494429743	0.00385461804600101	0.0036671733455118
cliente_edad_lag1	0.00269226621495043	0.00574186694726955	0.00752520329636623
Visa_mpagospesos	0.00267307116033432	0.00250727297467999	0.00385802995085442
mcuentas_saldo_delta1	0.00264154660585166	0.00720882606993161	0.00510541419291513
mpayroll_lag1	0.00263114777510239	0.00256047876870918	0.00205852481476685
cliente_edad	0.00259983498797357	0.00531331516644741	0.00700034763167402
cprestamos_personales	0.00257348350862231	0.00211204881298213	0.000940650412045778
ctrx_quarter_delta1	0.00255575435235453	0.00421533181987775	0.00519402618825278
mvr_mpagospesos	0.00244705553425329	0.00181553492064996	0.00179268882875391
Visa_status_avg6	0.00244619653275959	0.000523201782895186	0.000347631674016918
ctrx_quarter_normalizado_delta1	0.00244611904614674	0.00326809839300185	0.00465553790889324
Visa_msaldototal	0.00244589276124236	0.0024704523331177	0.0032581949054919
ccaja_ahorro	0.0023975544382822	0.00616144929905735	0.00131554731539736
mv_msaldototal	0.00239371682189437	0.00184056280990158	0.00240615648878377
mrentabilidad_annual	0.00232012320617487	0.00234144010518555	0.00361945919417615
cproductos	0.00230129095853093	0.00378062608629964	0.00323092967615724
tcallcenter_tend6	0.00229105127936773	0.00507373643152186	0.0019699128194292
Visa_status	0.00228208094324718	0.000769474406104988	0.000320366444682258
mvr_msaldopesos	0.0022792218044625	0.00200504005507682	0.0019903617414302
ctrx_quarter_tend6	0.00226137529524225	0.00244320618176798	0.00394664194619207
mv_Finiciomora_lag1	0.00224022637031916	0.00270842429545509	0.000640732889364516
mes_avg6	0.0022311062517724	0.00508511280527259	0.00377623426285044
mrentabilidad_annual_avg6	0.00214906611330884	0.00280683943789641	0.00486684343623685
ccaja_ahorro_avg6	0.0021062056156225	0.00282785312217694	0.00139734300340134
Master_status	0.00209279271303248	0.000760815487657738	0.000402162132686239
mrentabilidad_annual_delta1	0.00209188624173778	0.00370066065479603	0.00557573939893802
Visa_delinquency_tend6	0.00208063322816429	0.00172205766794297	0.000927017797378448
mactivos_margen_tend6	0.00201189809003025	0.00309125888966192	0.00444423238154962
Master_fechaalta	0.00200939895834925	0.0041580753788868	0.00546667848159938
mcomisiones_tend6	0.00198196785610484	0.00157929763253461	0.00318321552482158
mv_mpagominimo	0.0019773623468512	0.00307475909122441	0.0034149699741662
mtarjeta_visa_consumo_tend6	0.00193433623757411	0.00138762375633029	0.00256293155745806
mrentabilidad_annual_lag1	0.0019076509628567	0.00238805646023705	0.00515994465158445
ccaja_ahorro_tend6	0.00186605017546549	0.00548094597381435	0.000661181811365511
mrentabilidad	0.00181612888480761	0.0022005387886341	0.00398753979019406
mv_Finiciomora_avg6	0.00180151541229404	0.00112930860687385	0.000422611054687234
mrentabilidad_annual_tend6	0.00179257693594788	0.00491349266392819	0.0046623542162269
mtarjeta_visa_debitos_automaticos_tend6	0.00175217130797115	0.00553523642689885	0.00301962414881362
Visa_Finiciomora_avg6	0.00174771449211225	0.00149788267873587	0.000340815366683253
mactivos_margen_lag1	0.00173973741717388	0.00255665510835591	0.00456010960622193
mv_status07_delta1	0.00172660991948084	0.000431829520648662	0.000170407683341627
mpayroll_avg6	0.00170718509016809	0.00311779149619453	0.00274015554813335
Visa_fechaalta	0.00170313636438361	0.00186682777616946	0.00437606930821297
mcomisiones_mantenimiento	0.00170192365528084	0.00525144952297121	0.00289693061680765
Visa_mpagominimo	0.00169965631911651	0.00307052432797651	0.00408296809286537
mv_status07	0.00169434122931619	0.000451542154929338	0.000259019678679272
mes_tend6	0.00168162330088102	0.00514835544172918	0.00184721928742323
mtransferencias_emitidas_avg6	0.00168110516644228	0.00349313061132257	0.00432835515687731
chomebanking_trx_avg6	0.00167981027609665	0.00245883110642973	0.00432153884954365
Master_Fvencimiento	0.00167297110215212	0.00198838934601133	0.00451239545488627
chomebanking_trx_delta1	0.00166350097868835	0.00658702117130994	0.00350358196950384
mcomisiones_mantenimiento_avg6	0.0016594150575763	0.004194832668132	0.00336043951549687
mcuenta_debitos_automaticos	0.00164130831056584	0.00476070318975719	0.00242660541078476
Visa_fechaalta_avg6	0.00162834388139595	0.00220212157689507	0.00456692591355559
mcomisiones_otras_tend6	0.00162679247335233	0.00232980158850202	0.00421929423953867
ctarjeta_visa_debitos_automaticos_tend6	0.00161914858077495	0.00371108958112293	0.00244023802545209
thomebanking_avg6	0.00160652205538128	0.00202172498946688	0.002849216465472
Master_fechaalta_avg6	0.00157685632768982	0.00243269182512964	0.00514631203691712
Master_fechaalta_lag1	0.0015734787895305	0.00271803270065897	0.00541214802293006
mv_fechaalta_avg6	0.00157217527515048	0.00201480943457278	0.00401480501952872
ctrx_quarter_normalizado_tend6	0.00156127015038553	0.00246019400141373	0.00342860258883353
numero_de_cliente	0.00155277443799206	0.00233564804533681	0.00505770004157948
Master_Fvencimiento_lag1	0.00155040574280424	0.00159049520999783	0.00426019208354066
mv_Finiciomora_tend6	0.00154965669846051	0.00340367115458576	0.000742977499369492
ctransferencias_recibidas_avg6	0.00154868518678522	0.0028352078872918	0.0045464769915546
ccomisiones_mantenimiento_avg6	0.00154403727600005	0.0061337726711513	0.00331272536416122
Visa_fechaalta_tend6	0.00153824467415948	0.00425264221164784	0.00294464476814331
cliente_antiguedad_lag1	0.00153054178751376	0.0024218047582535	0.00490774128023884
mcomisiones_avg6	0.00152956322473952	0.0023929532086486	0.00406251917086438
mcomisiones	0.00151694914407338	0.00207261835742211	0.00353766350617217
Visa_mfinanciacion_limite	0.00150856588721571	0.002135865028211	0.00373533641884845
mpasivos_margen_lag1	0.00150784588346204	0.00174326092150825	0.00378305057018411
Visa_mlimitecompra	0.00150263526761472	0.00192984125368479	0.00410341701486637
mv_fechaalta_tend6	0.00149586263320524	0.00158514426670269	0.00261746201612738
mv_status05_delta1	0.00149355852454269	0.00342541722534523	0.000654365504031846
mv_Fvencimiento	0.00149167769300705	0.0019551637378609	0.00469643575289523
Master_Fvencimiento_avg6	0.00148951389543654	0.001660873915292	0.00458737483555659
mcaja_ahorro_tend6	0.00148789030613392	0.00162665501906283	0.00363309180884348
chomebanking_trx	0.0014775611556472	0.00366380654157565	0.00370807118951379
Master_fultimo_cierre_avg6	0.00147275093959057	0.00175945978535623	0.00442378345954862
Visa_mpagominimo_avg6	0.00147178856668912	0.0020656462775425	0.00392619302419108
cproductos_avg6	0.00146375850704234	0.00349245780882835	0.0043897019228803
mv_fechaalta	0.00144967622936104	0.00192390426820653	0.00415113116620202
ccallcenter_trx_tend6	0.00144688404576157	0.00217271014176702	0.00162909745274595
mpasivos_margen_tend6	0.00144526396631331	0.00281222132585028	0.0032581949054919
mv_cconsumos	0.00144123630377618	0.00118779104155055	0.00138371038873401
ccomisiones_mantenimiento_delta1	0.00143767336138386	0.00286411720321522	0.000899752568043788
tmobile_app	0.00141552207413226	0.00131945174213718	0.00264472724546204
Visa_fechaalta_lag1	0.0014020087399134	0.00169189203434157	0.00399435609752773
ccomisiones_mantenimiento	0.00140195439111993	0.00314315751569282	0.00104971132938442
Visa_mpagospesos_tend6	0.00139020756804457	0.00164590964579424	0.00389211148752275
mv_fechaalta_lag1	0.00138105059089664	0.00232606508745974	0.00429427362020899
mrentabilidad_tend6	0.00138034756605737	0.00179467955066218	0.00401480501952872
ccomisiones_otras_avg6	0.00137132750320849	0.00525348295945001	0.004253375776207
mactivos_margen_delta1	0.00136483185483001	0.00202845252674251	0.00391256040952374
mvr_mpagominimo_avg6	0.00135782989546496	0.00342208730519874	0.00370807118951379
Visa_fultimo_cierre_avg6	0.00135726797137802	0.00189472509535227	0.0038239484141861
mpagomiscuentas	0.00135492287538483	0.00520493092289466	0.00237207495211544
Visa_Fvencimiento_avg6	0.00134679637111103	0.00202370558062589	0.00434198777154464
mtransferencias_recibidas_avg6	0.00133941948331645	0.00246497486252166	0.00437606930821297
mv_cconsumos_tend6	0.00133308596886033	0.00144585309207187	0.00243342171811843
mcaja_ahorro_dolares	0.00131882327075755	0.0031278773269427	0.00299917522681263
Visa_mconsumospesos	0.00129521010313993	0.0014054027041066	0.00303325676348095
mv_mpagominimo_avg6	0.00129194921456671	0.00267632368968298	0.00327864382749289
mcomisiones_otras	0.0012896164847961	0.00193568442985376	0.00353766350617217
Visa_Fvencimiento_lag1	0.00127665658135386	0.00164738811774862	0.00421247793220501
mcaja_ahorro_dolares_tend6	0.00127455717778979	0.00234727490235667	0.00241297279611743
mv_Fvencimiento_lag1	0.00124764818545421	0.00153260763983532	0.00417839639553668
Visa_cconsumos_avg6	0.001239721627513	0.00202379974460175	0.00348313304750285
mcomisiones_otras_lag1	0.00123916511356964	0.00131562435778487	0.00361945919417615
mv_fultimo_cierre_avg6	0.00123441144210567	0.00174091143277713	0.00385802995085442
chomebanking_trx_tend6	0.00120102551663463	0.00234193570739185	0.00345586781816819
Visa_mpagospesos_avg6	0.00119141011141679	0.00251471840143828	0.00369443857484646
mvr_mpagominimo_tend6	0.00118950257061934	0.00339574187395149	0.0031014198368176
ccallcenter_trx	0.00118271161185332	0.00349167080369674	0.00124056793472704
Visa_cconsumos_tend6	0.00117962465865387	0.00147825529743334	0.00331954167149488
cliente_antiguedad	0.00116920040818361	0.00189517450223708	0.00381031579951877
mrentabilidad_lag1	0.00115595860005382	0.00135216255175289	0.00372852011151479
chomebanking_trx_lag1	0.00115176899008767	0.00132310995053286	0.00391256040952374
mcomisiones_lag1	0.00114667738414947	0.00121240840424073	0.00344905151083452
Visa_fultimo_cierre_tend6	0.00114444900523792	0.00243294492406477	0.00237889125944911
Master_mfinanciacion_limite_avg6	0.00112223167359171	0.00146954898666491	0.00359901027217515
mrentabilidad_delta1	0.00111688998355747	0.00187391321635335	0.00348994935483651
thomebanking	0.00111364526808334	0.00208311192173245	0.00132917993006469
mtransferencias_recibidas_lag1	0.00110953921341529	0.00306522454533493	0.00331954167149488
mpasivos_margen_delta1	0.00110859480024777	0.00139329119521097	0.00292419584614231
ctransferencias_emitidas_avg6	0.00108843372320053	0.00166659038682677	0.00301962414881362
mv_Fvencimiento_avg6	0.00107330918544828	0.00118332490269529	0.00337407213016421
mpayroll_sobre_edad_delta1	0.00105275777850969	0.00642657484476818	0.00248113586945408
Visa_mpagominimo_lag1	0.00105239950895274	0.00124797880179015	0.00311505245148493
Master_fultimo_cierre_tend6	0.00104483960710967	0.00333826833268286	0.00312868506615226
mv_status02_avg6	0.00103920622995524	0.000512762704237552	0.000518039357358545
Master_mlimitecompra_avg6	0.00102973208168234	0.00165416029867947	0.00327182752015923
Visa_mconsumospesos_tend6	0.00102886397880078	0.0011723108208517	0.00302644045614729
cliente_antiguedad_avg6	0.00102770076607088	0.00197609035149708	0.00367398965284547
Master_fechaalta_tend6	0.00101865642825248	0.00138386304929422	0.00251521740612241
Visa_mfinanciacion_limite_lag1	0.00101198197220307	0.00130851834693958	0.00283558385080467
mv_msaldopesos_lag1	0.00100844702545099	0.000665171975839335	0.00138371038873401
mv_status01	0.000998124538606388	0.000829155037474574	0.000388529518018908
mv_msaldopesos_avg6	0.000958590344283933	0.0026989107192269	0.00242660541078476
Visa_mpagominimo_tend6	0.000953108063768748	0.00146864729122936	0.0029855426121453
Master_mfinanciacion_limite_lag1	0.000950784373942009	0.0026466404026246	0.00325137859815823
mcaja_ahorro_dolares_avg6	0.000948199893775527	0.00168125895306699	0.00304688937814828
ccomisiones_otras_tend6	0.000924627682322208	0.00250321195372089	0.00278105339213534
Visa_mlimitecompra_lag1	0.000924088132689185	0.00150725527500019	0.00274015554813335
mtransferencias_recibidas_tend6	0.000922000667603023	0.0017608819539917	0.00282195123613734
mcuenta_debitos_automaticos_tend6	0.000921023469189007	0.00492993030704829	0.00186085190209056
ctarjeta_debito_trx_avg6	0.000918259705905459	0.00259223184557037	0.00322411336882357
Visa_mpagospesos_lag1	0.00091689784776511	0.00173949950513902	0.00345586781816819
mv_mpagominimo_tend6	0.000911512003599342	0.0015536607807724	0.00218803465410648
mvr_msaldopesos2_tend6	0.000909534089635307	0.00220371957148548	0.0026924413967977
ctransferencias_recibidas_tend6	0.000902984740425417	0.00352594804257761	0.00323092967615724
mv_Fvencimiento_tend6	0.000896252972589961	0.00121437596140308	0.00222211619077481
ctarjeta_debito_avg6	0.000894558398511241	0.00168193162256124	0.00265835986012937
mv_mfinanciacion_limite	0.000893677526914712	0.00100090232678639	0.00259019678679272
cmobile_app_trx_tend6	0.000893192356052597	0.00242480439515131	0.00284240015813833
Visa_mfinanciacion_limite_avg6	0.000889705311168606	0.00135523267863263	0.00284240015813833
mvr_msaldopesos_avg6	0.000884159389332956	0.00134416074180388	0.00252885002078974
mpayroll_tend6	0.000881531740582784	0.00223336996321896	0.00184040298008957
ccallcenter_trx_avg6	0.000879183980409773	0.00169963019402482	0.00248795217678775
tcallcenter_avg6	0.000878942736859938	0.00215738491036178	0.00199717804876386
mv_msaldototal_lag1	0.000873518830286051	0.000733117624090467	0.00130191470073003
Visa_mconsumospesos_avg6	0.000868894973483858	0.00221430614710531	0.00282195123613734
internet_avg6	0.000863536254007774	0.0014879554726137	0.0018335866727559
mvr_msaldopesos2_avg6	0.000856358421935538	0.00137282356445715	0.00320366444682258
ctarjeta_visa_debitos_automaticos_avg6	0.000855652828376922	0.00333768889616471	0.00238570756678277
mpayroll_sobre_edad_avg6	0.000851360024043311	0.0017781957565539	0.00179950513608758
Visa_msaldopesos_lag1	0.000847740128475081	0.00112490475633595	0.00235844233744811
mv_cconsumos_avg6	0.000844500519194433	0.00170052856446122	0.00243342171811843
mtarjeta_visa_debitos_automaticos_avg6	0.000841552761578771	0.00110708209590418	0.00214032050277083
mv_mfinanciacion_limite_lag1	0.000841307268174323	0.00101773537880514	0.0025356663281234
mvr_mpagominimo	0.000840500265750573	0.00257150530821624	0.00248113586945408
mvr_Master_mlimitecompra_avg6	0.000836521159772607	0.00185588054897541	0.00286966538747299
ccaja_seguridad	0.000832680185137573	0.0036172433421772	0.000667998118699176
Visa_msaldototal_tend6	0.000822934054559875	0.00178536609504937	0.00272652293346602
mcomisiones_mantenimiento_lag1	0.000811087846267396	0.00386031173020829	0.00220848357610748
ccomisiones_otras_lag1	0.000810888550052499	0.0022414927144703	0.0025561152501244
ccajas_trx_avg6	0.000810160448974188	0.00236889018981633	0.00263791093812838
Master_mlimitecompra_lag1	0.000808124083535776	0.00152503275977688	0.00259701309412639
mv_status07_avg6	0.00079903659265308	0.000350538700151439	0.000361264288684248
mv_mpagospesos_lag1	0.000793516763418511	0.00139074131986454	0.00187448451675789
mv_status01_avg6	0.000788510290737018	0.000701730164135565	0.000558937201360535
cmobile_app_trx_avg6	0.000784575223967525	0.00125066074610272	0.00266517616746304
mv_fultimo_cierre_tend6	0.000780663823382379	0.00149042944931292	0.00250158479145508
cproductos_lag1	0.000766239725895934	0.00255013695735995	0.00225619772744314
Visa_mconsumosdolares_avg6	0.000758230718615464	0.00104303644998675	0.00272652293346602
mvr_msaldopesos_tend6	0.000754827653231896	0.0025599469018455	0.00231754449344612
ccajas_extracciones_avg6	0.000750921087088772	0.00568642107914786	0.00216758573210549
Visa_msaldopesos_tend6	0.000750704081045841	0.00120804121736011	0.00246750325478675
mcomisiones_delta1	0.00074973343940959	0.00186731996470997	0.00260382940146005
ctarjeta_visa_trx_avg6	0.000744577979115273	0.00171139843000844	0.00246750325478675
tmobile_app_avg6	0.000742093768125109	0.000895875357039777	0.00243342171811843
mpayroll_delta1	0.000738401904287831	0.00494907330247498	0.00200399435609753
Master_mpagospesos_tend6	0.000734150681381294	0.00360804666053445	0.00208579004410151
mv_mpagospesos_tend6	0.000731306111963485	0.00125771360129497	0.00209260635143517
mcaja_ahorro_dolares_lag1	0.000731212169964502	0.00123095600315336	0.00227664664944413
Master_Fvencimiento_tend6	0.000722673014682168	0.00103257187966898	0.00219485096144015
mvr_mpagospesos_tend6	0.000722365315465328	0.00119694609420396	0.00204489220009952
cextraccion_autoservicio_avg6	0.000718097288631483	0.00157455915408249	0.00259701309412639
cplazo_fijo	0.000717770947580952	0.00417347145494055	0.00055212089402687
mv_mpagominimo_delta1	0.000714257341450046	0.00196869284905985	0.00165636268208061
ccomisiones_otras	0.000713143895676947	0.00315638108163675	0.0016972605260826
mvr_Master_mlimitecompra_lag1	0.000711409440832391	0.00145504525171577	0.00242660541078476
Visa_mpagospesos_delta1	0.000705870174046969	0.00211676756310598	0.00306733830014928
mautoservicio_avg6	0.000700726534812624	0.00154099891801784	0.00284240015813833
ctarjeta_visa_trx_lag1	0.000699208144844125	0.00182408916812404	0.00314913398815326
mcomisiones_otras_delta1	0.000695745712961838	0.00166070974900074	0.00251521740612241
Visa_cconsumos	0.000694220601784743	0.00131902578757969	0.00259701309412639
tcallcenter	0.000691973067934757	0.000614560789478442	0.000443059976688229
mvr_mconsumospesos_avg6	0.000682266734477055	0.000881994815597578	0.00214713681010449
mv_fultimo_cierre	0.000679479771071935	0.00109540873322958	0.00237207495211544
Visa_mpagominimo_delta1	0.000672405898240161	0.00143343900825379	0.0019699128194292
mvr_msaldopesos_lag1	0.000669343583588328	0.00255815423963832	0.00200399435609753
mvr_Visa_mlimitecompra	0.000668542590736923	0.000989679168996391	0.00218803465410648
Master_status_avg6	0.000667831312127556	0.000703458410025922	0.000497590435357549
cmobile_app_trx_lag1	0.000667418151219176	0.00159666538874965	0.00263109463079471
catm_trx_avg6	0.000665368549938779	0.00127729864427501	0.0021266878881035
mtransferencias_emitidas	0.000664005965110351	0.00202250782726622	0.00244705433278576
Master_fultimo_cierre	0.000656735318095447	0.000812312808458168	0.00227664664944413
mextraccion_autoservicio_avg6	0.000648140034437438	0.00103562170188727	0.00242660541078476
mvr_msaldopesos2_lag1	0.000643965756638195	0.00112442719779169	0.00248795217678775
mpayroll_sobre_edad_tend6	0.000643287742069898	0.00180116866333225	0.00171089314074993
mtransferencias_emitidas_tend6	0.000643214840772029	0.0018382335814986	0.00231754449344612
ccaja_seguridad_lag1	0.000638205281634564	0.00113778234503523	0.000361264288684248
Master_mpagominimo	0.000633370854018095	0.00181973820723926	0.00155411807207563
Visa_mconsumosdolares_tend6	0.000631495028634817	0.00137278246746768	0.00229027926411146
Visa_mpagado_avg6	0.000630728502706959	0.00240562890339962	0.00165636268208061
mtransferencias_emitidas_lag1	0.000630493350058496	0.00148084618110259	0.00244023802545209
Visa_msaldototal_delta1	0.000628302938706435	0.00127223604490597	0.00215395311743816
mplazo_fijo_dolares_tend6	0.000628205683946963	0.00472845748102227	0.00107697655871908
mv_msaldototal_tend6	0.000617971744988064	0.00185292382673326	0.00189493343875889
Master_msaldopesos_avg6	0.000617437691805759	0.000801608660868475	0.00190856605342622
mtarjeta_visa_debitos_automaticos_lag1	0.000614392989369119	0.00279917983685969	0.00203807589276585
Visa_cconsumos_lag1	0.000613830101080018	0.00153675249510626	0.00227664664944413
Master_mpagominimo_tend6	0.000610291295458459	0.00152962507126646	0.00161546483807862
thomebanking_tend6	0.000604474604642453	0.00381337107690658	0.001424608232736
mvr_mpagominimo_delta1	0.000601018162028919	0.00202388748024593	0.00156775068674296
ctransferencias_emitidas_tend6	0.000600724202466203	0.00161254549601266	0.00206534112210051
mvr_mpagominimo_lag1	0.000600603321406027	0.00166080559764284	0.00231072818611246
mforex_sell_avg6	0.000598779858228036	0.00249942850369065	0.00179950513608758
Visa_Fvencimiento_tend6	0.000598719180409614	0.00114515138547976	0.00172452575541726
mextraccion_autoservicio	0.000597426153492022	0.000738213207451056	0.00123375162739338
mcuenta_debitos_automaticos_avg6	0.000590172325855306	0.00139558061229083	0.00201081066343119
mvr_mconsumospesos_tend6	0.000589661014261396	0.000950089645477139	0.00194946389742821
mprestamos_hipotecarios_avg6	0.0005772740165028	0.00892479251676919	0.000852038416708133
Visa_mconsumospesos_delta1	0.000574971873870441	0.00114168797770082	0.00235162603011445
ccajas_consultas_avg6	0.00056824495877189	0.00272858061762204	0.0017177094480836
ccajas_trx_tend6	0.0005681817550381	0.00213044182160105	0.00156775068674296
ccajas_consultas_tend6	0.00056567221482779	0.00281358723550018	0.00135644515939935
Visa_msaldopesos_delta1	0.000560895527532882	0.00142577741221758	0.00202444327809852
mvr_mconsumospesos	0.000560523430961425	0.000948768468149111	0.00179950513608758
Master_msaldopesos	0.000558858930672751	0.00173417414217067	0.0015609343794093
mtransferencias_emitidas_delta1	0.000555881997969621	0.00202920672521586	0.00172452575541726
mv_fultimo_cierre_lag1	0.000551433925508652	0.00100573208754844	0.00208579004410151
Master_msaldototal_avg6	0.000550394446110801	0.00075416579969549	0.0017177094480836
mplazo_fijo_dolares	0.000548831381847867	0.00423008674742916	0.000838405802040803
Visa_cconsumos_delta1	0.00054670526084613	0.00198789866480376	0.00184721928742323
Master_msaldopesos_tend6	0.000538869078260505	0.00168336013086176	0.00154730176474197
Master_fultimo_cierre_lag1	0.000536928422552235	0.000832638882914943	0.00209260635143517
mv_msaldopesos_tend6	0.00053323560190843	0.00125127915161088	0.00175860729208559
mtarjeta_visa_debitos_automaticos	0.000529573271294362	0.0010885688996494	0.00184721928742323
Master_mconsumospesos_avg6	0.000526345551254263	0.00149336294089435	0.00181313775075491
matm_avg6	0.00052509398761944	0.00102247017759154	0.00202444327809852
mvr_mconsumosdolares_avg6	0.000517615232797953	0.000895492937804464	0.00198354543409653
cmobile_app_trx	0.000515849932453412	0.000762617637195819	0.00164273006741328
ccaja_seguridad_avg6	0.000512187931254587	0.00172424166038318	0.000456692591355559
Master_mpagospesos_avg6	0.000512136860047129	0.00136094471683521	0.00176542359941925
mv_mfinanciacion_limite_tend6	0.00049366176775064	0.00349729155958938	0.000790691650705147
Master_msaldototal	0.000489707844510466	0.00120570254595955	0.00134962885206568
mtarjeta_visa_consumo_delta1	0.000486729697245846	0.00150449415137458	0.00182677036542224
ccaja_ahorro_delta1	0.000485222721384962	0.00683524135735389	0.000661181811365511
Visa_mconsumosdolares	0.000476216254807516	0.000835261420576079	0.00170407683341627
mtarjeta_visa_debitos_automaticos_delta1	0.000460512131546673	0.00217253440447873	0.0011315070173884
mvr_mconsumosdolares_tend6	0.000453461922678996	0.0017230916983446	0.00155411807207563
mvr_mconsumospesos_lag1	0.000450936086304104	0.000781365489723784	0.00160864853074495
ctransferencias_recibidas	0.000450523809234436	0.00143968406598642	0.00133599623739835
Master_mlimitecompra_tend6	0.000442103986501266	0.00384203407689314	0.00106334394405175
ctarjeta_debito_trx_lag1	0.000439137516770004	0.00111337060029234	0.00207897373676784
mdescubierto_preacordado_lag1	0.000435586126349642	0.000232138539499256	0.000340815366683253
ctarjeta_debito_trx_tend6	0.000434486796456507	0.000783173978926906	0.00145868976940432
ccallcenter_trx_delta1	0.000433219820996167	0.000735397819839351	0.0005657535086942
mv_cconsumos_lag1	0.000433064330529981	0.00196138419059984	0.00152685284274097
mprestamos_prendarios	0.000428027503257501	0.00833473799067608	0.000797507958038812
internet_tend6	0.000417648139738244	0.00196293940353454	0.000817956880039807
mautoservicio_lag1	0.000414847359218639	0.000820252906422996	0.00216758573210549
Visa_mpagado_tend6	0.000414197994575363	0.00250264626053256	0.0011519559393894
mpagomiscuentas_tend6	0.000410441929150424	0.00222926154993867	0.00132917993006469
Master_cconsumos_tend6	0.000402909024712151	0.00106017238726121	0.00137689408140034
mv_mconsumosdolares_avg6	0.000393569056276508	0.000743358887465471	0.00149277130607265
Master_mpagominimo_lag1	0.000391029810702944	0.000907308078442725	0.00122011901272605
mvr_msaldototal_delta1	0.000390621083876149	0.00120793096038837	0.001404159310735
mv_mconsumospesos_lag1	0.000381866300281499	0.000760194732483514	0.00139734300340134
Visa_mpagosdolares	0.000376899965011021	0.000648596012754681	0.000681630733366506
cpayroll_trx_tend6	0.000374684486079344	0.00142104287943111	0.00119285378339139
mcuenta_debitos_automaticos_lag1	0.000361303914385853	0.00120534743605057	0.00123375162739338
mtransferencias_recibidas_delta1	0.00035476792247945	0.00102333649503616	0.001404159310735
ccajas_consultas	0.000349239235485399	0.00443174142874191	0.000633916582030851
mtarjeta_master_consumo	0.000347495039764531	0.000723148744645647	0.000640732889364516
mv_cconsumos_delta1	0.000346183193696062	0.00184988579717862	0.000967915641380439
mplazo_fijo_dolares_delta1	0.000345336733201421	0.00499371855369837	0.000633916582030851
ccuenta_debitos_automaticos_tend6	0.000343560273418418	0.00172632891751485	0.000722528577368496
ctarjeta_visa_trx_delta1	0.00034154742433478	0.0010150083031708	0.00114513963205573
mextraccion_autoservicio_tend6	0.000333467788126979	0.000875553582915233	0.00121330270539238
ccajas_otras_tend6	0.000329454750879845	0.00452903635680369	0.000667998118699176
cextraccion_autoservicio_tend6	0.000327251864888219	0.0015934737885677	0.00127464947139537
Master_mpagospesos_lag1	0.000324190600325013	0.000899946751996215	0.00124738424206071
Master_delinquency_tend6	0.000322498949641898	0.000591036908174648	0.000327182752015923
ctransferencias_emitidas	0.000318238794490476	0.000575211242231014	0.000961099334046773
mtarjeta_master_consumo_avg6	0.000305925012554581	0.000586798598260993	0.000974731948714104
Master_msaldopesos_lag1	0.000296438117541992	0.000740177927280801	0.00103607871471709
cextraccion_autoservicio	0.000295661447506475	0.000997046702107976	0.000742977499369492
Visa_fultimo_cierre_delta1	0.000291946310902734	0.000262071689160254	0.000913385182711118
tmobile_app_tend6	0.000288256434229532	0.00139940786364317	0.000688447040700171
mcomisiones_mantenimiento_delta1	0.000284958971523793	0.00143252751515409	0.000545304586693205
ccajas_depositos_avg6	0.00028119575814811	0.00396262377165078	0.000811140572706142
mvr_mpagosdolares_avg6	0.000274562981697173	0.000911962811249644	0.000961099334046773
matm_tend6	0.000266557019523882	0.00114445991865699	0.00101562979271609
ccuenta_debitos_automaticos_lag1	0.000256462732330568	0.00231003952256735	0.000852038416708133
catm_trx_tend6	0.00025308558520389	0.0016276461348088	0.000954283026713108
minversion1_pesos_avg6	0.000247034992804047	0.00479666549387282	0.000483957820690219
mvr_mpagado_tend6	0.000242370269846009	0.00158492162475976	0.000817956880039807
cpagomiscuentas_tend6	0.000237405586523805	0.000828052600757146	0.000920201490044783
cplazo_fijo_avg6	0.000233005580273302	0.00161192615950474	0.000361264288684248
mextraccion_autoservicio_delta1	0.000231611672213798	0.000921064397916765	0.000940650412045778
tpaquete9	0.00022950823776728	0.000664558092330016	0.000170407683341627
mvr_Visa_mlimitecompra_tend6	0.00022504702088359	0.00188625206652404	0.000633916582030851
mtarjeta_master_consumo_lag1	0.000224600041625335	0.00054405981288228	0.000804324265372477
ccheques_depositados_avg6	0.000223730500298934	0.00222385022465901	0.000518039357358545
ctarjeta_debito_trx_delta1	0.000213311873296623	0.00115959748711033	0.000892936260710123
thomebanking_lag1	0.000203637459927975	0.000257005986458673	0.000545304586693205
ctransferencias_emitidas_delta1	0.000200510148262649	0.000688427507545245	0.000661181811365511
mtarjeta_master_consumo_tend6	0.000191865604996308	0.000718416295525315	0.00053848827935954
mvr_msaldodolares2_tend6	0.000191510010211221	0.000775911294121779	0.000715712270034831
Master_cconsumos	0.000189352286445731	0.00038496733732684	0.000804324265372477
Master_cconsumos_lag1	0.000181221470542209	0.000463085931303821	0.000708895962701166
Master_mconsumosdolares_avg6	0.000179405498321116	0.000485567846541354	0.000695263348033836
mcaja_ahorro_adicional	0.000172160499987841	0.00356997409029304	0.000408978440019904
mvr_mpagado	0.000170752689331708	0.00165936884334444	0.000688447040700171
mvr_Master_mlimitecompra_tend6	0.000167000762704654	0.000612219014745342	0.000497590435357549
Master_delinquency	0.000151017072030029	0.000456207439066886	0.000211305527343617
mv_status03_tend6	0.000148511534270682	0.000273428866582564	0.000109060917338641
catm_trx_other_tend6	0.00014451951548775	0.000699643926670301	0.000497590435357549
mplazo_fijo_dolares_avg6	0.000143214377712464	0.000667670247198989	0.000354447981350583
tcuentas_avg6	0.000137159471748297	0.00337493992561669	0.000395345825352574
thomebanking_delta1	0.000134387104121952	0.000292114563793128	0.000204489220009952
Visa_Fvencimiento_delta1	0.000125623612716266	0.000170268241024249	0.000456692591355559
ccajas_otras_avg6	0.000121984970745302	0.000559097276694609	0.000293101215347598
mvr_mpagosdolares	0.000114198570724382	0.000818085583311848	0.000436243669354564
ctarjeta_master_trx	9.69005869310228e-05	0.000261755814241217	0.000293101215347598
Visa_msaldodolares	8.13141250620462e-05	0.000317687220905122	0.000313550137348593
matm_other_lag1	7.97308812931442e-05	0.000179506374323037	0.000306733830014928
mcaja_ahorro_adicional_lag1	6.29594210315568e-05	0.00101083307957431	0.000149958761340631
minversion2_avg6	6.0769586146856e-05	0.00242367340777453	0.000231754449344612
Visa_mconsumospesos_isNA_tend6	5.00426044133578e-05	0.000127707675599855	0.000143142454006966
mforex_sell_delta1	2.59919151611502e-05	0.00023976258521176	9.54283026713109e-05
tpaquete9_tend6	1.79657383527349e-05	3.51096413341822e-05	1.36326146673301e-05