Feature	Gain	Cover	Frequency
ctrx_quarter	0.134481603834872	0.0236615766919889	0.0302866047835219
mtarjeta_visa_consumo	0.0441910947958897	0.0169163603632025	0.018361677620435
mpasivos_margen	0.0424420718149148	0.0191707128498294	0.0271021071888339
cpayroll_trx	0.0391647097629495	0.00917755937573276	0.00237143437902297
mcaja_ahorro	0.0305463694309515	0.0169508619143388	0.0262890439731689
mrentabilidad_annual	0.0296209274226121	0.0317629375133366	0.0312351785351311
mactivos_margen	0.0274326779643323	0.0209935219701021	0.0250694491496714
mcuentas_saldo	0.0263875562803301	0.0269016369942292	0.0284572125482756
cliente_edad	0.0236180404660209	0.0311620827913872	0.0313706890710753
Master_Fvencimiento	0.0229822856189125	0.0221591055697594	0.0310319127312149
Visa_Fvencimiento	0.0223298311911739	0.020928582862225	0.0292702757639406
numero_de_cliente	0.0213722662011254	0.019173074271934	0.0291347652279965
Visa_fechaalta	0.020633802478949	0.018559763374546	0.0235788332542855
mpayroll	0.0196172502573589	0.0166342258694568	0.00616572938545972
cliente_antiguedad	0.0192107823955783	0.022334662952054	0.0264923097770852
Master_fechaalta	0.0191912455479201	0.0212038418341523	0.0264923097770852
Master_mfinanciacion_limite	0.0182305098772518	0.0171518861250766	0.0253404702215597
chomebanking_trx	0.0175963481025183	0.0146681103914344	0.0199200487837929
mcuenta_corriente	0.0171073004633802	0.0200391682300298	0.0178196354766583
Visa_msaldototal	0.0155419320705625	0.00872552643249842	0.0117894166271428
ctarjeta_visa_trx	0.0148816384982341	0.0168380159447591	0.0182939223524629
mrentabilidad	0.0146287094167159	0.0182651172576051	0.016735551189105
Visa_mpagospesos	0.0145606520126332	0.0193784853787087	0.0228335253065926
mprestamos_personales	0.0142197865511431	0.0133693249722596	0.00542042143776679
mcomisiones_otras	0.0135378659767446	0.0128252291832724	0.0201233145877092
Visa_mfinanciacion_limite	0.0131511118396407	0.013139073270528	0.0187004539602954
mcomisiones	0.0130732586675754	0.0133626712414675	0.0186326986923233
Master_mlimitecompra	0.0129873923954117	0.013079437577488	0.0170065722609933
Visa_mlimitecompra	0.0115082210125208	0.0148098739968975	0.0171420827969375
mautoservicio	0.0114787014010911	0.00946381657326334	0.0121281929670032
mcaja_ahorro_dolares	0.010987312661216	0.0150639551874362	0.0153126905616912
Visa_msaldopesos	0.0108663929546042	0.0151208348008099	0.021546175215123
Visa_mconsumospesos	0.0104669538904117	0.0114630017456487	0.0186326986923233
Visa_mpagominimo	0.00972639199356696	0.0106634287873095	0.0153126905616912
Visa_mconsumototal	0.0086654347986426	0.00947659238871059	0.012805745646724
mtransferencias_emitidas	0.00847722847322971	0.0127254460528211	0.0136865641303611
ccomisiones_otras	0.0083151988759094	0.0139040174740539	0.0142963615421099
mtransferencias_recibidas	0.00785857537517904	0.0154454683691733	0.0140930957381936
mcomisiones_mantenimiento	0.00739333175150684	0.0138398089719108	0.00860491903245477
Visa_cconsumos	0.0070496292744923	0.0088915109226976	0.0117216613591707
cprestamos_personales	0.00676897634174903	0.00353944230992145	0.00162612643133004
mtarjeta_visa_debitos_automaticos	0.00676171294195251	0.00790319380089124	0.0110441086794498
ctransferencias_recibidas	0.00646959609994333	0.0092137178363016	0.00955349278406396
mextraccion_autoservicio	0.00623300414499267	0.0163125669101533	0.0105020665356731
cproductos	0.00612478911049384	0.00839869452366742	0.00867267430042686
ctransferencias_emitidas	0.00611711549459407	0.0144131061588299	0.00792736635273393
thomebanking	0.00586666101344056	0.00350798060049992	0.00406531607832509
Visa_mpagado	0.00578619685191791	0.00888969419326076	0.0075885900128735
mcuenta_debitos_automaticos	0.00564703608742714	0.0111960795070079	0.00928247171217562
Master_status	0.00561540509394876	0.00570591662560244	0.00142286062741378
ctarjeta_debito_trx	0.0055612307057516	0.00683366528546196	0.0105698218036452
Master_msaldopesos	0.00505420732177646	0.00673569888444756	0.00677552679720848
cextraccion_autoservicio	0.0049606236157482	0.00502069324953668	0.00338776339860424
Visa_mconsumosdolares	0.00461237624269735	0.00622715163070662	0.00697879260112474
mpagomiscuentas	0.00460299765251422	0.010776907513641	0.00752083474490142
ccomisiones_mantenimiento	0.00445752758617305	0.0087658532597105	0.00467511349007385
Master_mpagospesos	0.00434120097192073	0.0136174014969218	0.00697879260112474
Master_mpagominimo	0.00384422475433416	0.00448847632699292	0.00494613456196219
ctarjeta_debito	0.00363196508717545	0.00419525228192714	0.00494613456196219
ctarjeta_visa_debitos_automaticos	0.00357849732140044	0.00427741607231048	0.00494613456196219
cmobile_app_trx	0.003338756879633	0.00278030707430757	0.00426858188224135
Master_mconsumospesos	0.00323856248508053	0.00440883377871853	0.00562368724168304
cpagomiscuentas	0.00319708766795711	0.00616243105222317	0.00555593197371096
mdescubierto_preacordado	0.00296768885742268	0.00343973419702325	0.00155837116335795
ccallcenter_trx	0.00273711604955835	0.00499187346263552	0.00176163696727421
Master_msaldototal	0.00272339753589797	0.00373456622703043	0.00460735822210177
tcallcenter	0.00267685273686477	0.00119602441803087	0.000948573751609188
ccaja_ahorro	0.00263844188394896	0.0066055075519502	0.00277796598685548
ccuenta_debitos_automaticos	0.00215609417204885	0.0102584448963669	0.00487837929399011
Visa_fultimo_cierre	0.00198115618303826	0.00241927042291971	0.00332000813063216
matm	0.00197912743053501	0.0044602142792905	0.00460735822210177
Master_fultimo_cierre	0.00185338704571727	0.00246483869394688	0.00318449759468799
mplazo_fijo_dolares	0.0017183679028686	0.009229301917539	0.00149061589538587
Visa_mpagosdolares	0.00166741058878165	0.00358715021202684	0.00291347652279965
ccajas_consultas	0.00160070315280837	0.00686895941335439	0.00142286062741378
catm_trx	0.00155533227302836	0.00744196305332674	0.0035910292025205
Visa_status	0.00144147823699546	0.0034457323396343	0.000880818483637103
Master_mconsumototal	0.00137718916032892	0.00218775973095	0.00284572125482756
cseguro_accidentes_personales	0.00130377577627977	0.00544460113364374	0.00182939223524629
ccaja_seguridad	0.00108765320507658	0.00363113332954179	0.000880818483637103
mtarjeta_master_consumo	0.00105915026141201	0.00281581973159365	0.00230367911105088
Visa_msaldodolares	0.00104830822471913	0.00223586881388256	0.00176163696727421
Visa_Finiciomora	0.000951398058529431	0.00399704612187774	0.00101632901958127
ccajas_trx	0.000880556510380325	0.00199746303029798	0.000677552679720848
Master_mpagado	0.000732775480770243	0.00528892992617219	0.00121959482349753
Master_cconsumos	0.000692131754926334	0.00253115747247351	0.00196490277119046
tpaquete9	0.000639761167308203	0.00280683393339167	0.000677552679720848
internet	0.000623769723100286	0.00500387300949036	0.00115183955552544
matm_other	0.000509625582045624	0.00388957532305551	0.00142286062741378
tpaquete7	0.000482715253359913	0.00339222851614781	0.000542042143776679
mtarjeta_visa_descuentos	0.000477052193142975	0.00244603211956118	0.000880818483637103
Visa_delinquency	0.000463055715463035	0.00111878243145399	0.000609797411748764
tmobile_app	0.000460076086333489	0.00411976505376503	0.000609797411748764
cinversion1	0.000410219077767577	0.0019870355904244	0.000271021071888339
Master_mpagosdolares	0.000402919849167751	0.000573489623250792	0.000948573751609188
catm_trx_other	0.000388321647799228	0.000455483750674518	0.000880818483637103
mcheques_emitidos	0.000386341538327344	0.00103973023870576	0.00013551053594417
ctarjeta_master_debitos_automaticos	0.000363896326166698	0.00401118856144354	0.000745307947692933
ctarjeta_master	0.000363685727910914	0.000652525507835321	0.000474286875804594
mttarjeta_master_debitos_automaticos	0.000356081070045398	0.00134593884371421	0.000609797411748764
ctarjeta_master_trx	0.000353903419533687	0.000377429617545087	0.000745307947692933
cplazo_fijo	0.000330265269643495	0.00145555905851288	0.000338776339860424
ccajas_extracciones	0.00032932269489228	0.00375646809088752	0.000745307947692933
mforex_sell	0.0002969539350217	0.00419821710608889	0.000880818483637103
active_quarter	0.000274905467380809	0.000247212191985796	0.000474286875804594
cseguro_vida	0.000236476931980682	0.00128657060455906	0.000542042143776679
Master_madelantopesos	0.000200205781088282	7.37846558712124e-05	0.000338776339860424
mcaja_ahorro_adicional	0.000158466264166745	0.00102225114884572	0.000203265803916254
Master_mconsumosdolares	0.000149659925333012	0.000393160472255849	0.000609797411748764
ccheques_depositados	0.000131133850608517	0.00147954184405885	0.000203265803916254
Master_msaldodolares	0.000101621669435772	0.000326411158207385	0.000338776339860424
minversion1_pesos	9.60856250446618e-05	0.000513932209396652	6.77552679720848e-05
Visa_madelantopesos	9.32464565662235e-05	0.000258993209446976	0.000609797411748764
Visa_cadelantosefectivo	9.27483947385067e-05	9.2692340871894e-05	0.00013551053594417
tpaquete1	8.95168266723504e-05	0.00153059618135671	0.000203265803916254
cforex	8.8723001584992e-05	0.000136626533895731	0.00013551053594417
ccajeros_propios_descuentos	7.94911357805471e-05	0.00160493531479392	0.000271021071888339
Visa_madelantodolares	7.10710525965057e-05	0.000111733752814964	0.000203265803916254
minversion2	6.45542823209131e-05	0.00100962536850457	0.00013551053594417
ccajas_depositos	6.31592980767641e-05	0.00256654292608268	0.000338776339860424
ctarjeta_visa	4.70433971942988e-05	3.67390311967703e-05	6.77552679720848e-05
ctarjeta_visa_descuentos	4.69578763994448e-05	0.000367527300542833	0.000203265803916254
cseguro_vivienda	4.59993320454401e-05	0.00022708791797265	0.000203265803916254
mcheques_depositados	3.25654860034452e-05	0.000519865119352878	6.77552679720848e-05
cseguro_auto	2.67639153205199e-05	0.000519865119352878	6.77552679720848e-05
