Feature	Gain	Cover	Frequency
ctrx_quarter	0.171677049996125	0.0153133631141612	0.0120584567283202
mtarjeta_visa_consumo	0.0453660151593291	0.0121930678411148	0.0150181799019866
mcuentas_saldo	0.0403625432887468	0.012780927905684	0.0184345962656549
mcaja_ahorro	0.0376543143561375	0.00751795040115237	0.0123658463754369
ctrx_quarter_lag1	0.0276993003840067	0.00753462315292405	0.00875621366215243
mdescubierto_preacordado	0.0221744609563683	0.00168572341637581	0.00141399237673675
cpayroll_trx	0.0217345307244879	0.00903886145291938	0.00505875533540602
foto_mes	0.0197239675440323	0.0158155464983215	0.0163092164198767
ctarjeta_visa	0.0166253583023693	0.000640105410809005	0.000720170030387662
mprestamos_personales	0.0155965732750321	0.00784698118854887	0.00309146159385923
mpayroll	0.0141562077038374	0.0125456082019759	0.00573501255906273
Visa_fultimo_cierre_lag1	0.0120975166840843	0.00316810858234898	0.00615657550367989
mcuenta_corriente	0.011854558702505	0.00697049319460159	0.0104863782473521
mdescubierto_preacordado_delta1	0.0114278216522538	0.00367298906410792	0.000913386380003864
mpasivos_margen	0.01045925415504	0.00823352552046731	0.0101087281094658
Master_status	0.009598804487033	0.00178905928985812	0.000851908450580527
cproductos_delta1	0.00875051139113024	0.00405523583216027	0.00128225395654389
numero_de_cliente	0.00872559255496385	0.0094508204316572	0.0165639106989162
mrentabilidad_annual	0.00841479539860719	0.00729280391744636	0.0117861973265883
ctrx_quarter_delta1	0.00830276819236926	0.00669013150282669	0.011724719397165
mactivos_margen	0.00823237345132541	0.0083731159753558	0.0130157559150551
mcaja_ahorro_lag1	0.00816905789509381	0.0049073438048647	0.00955542674465581
cliente_edad_lag1	0.00806042426322787	0.0090909287235193	0.015035745024679
mrentabilidad_annual_delta1	0.00803358971617764	0.00669364116598434	0.0130684512831322
cliente_edad	0.00781635729028132	0.00773972184749537	0.0131826245806327
Visa_fechaalta_lag1	0.00683167620483368	0.00428631096706832	0.00984525126908012
ctarjeta_visa_trx	0.00678739933336576	0.00626184584384372	0.0112592436458169
Master_fechaalta	0.00654127600736244	0.00895299241722029	0.012093586973705
Visa_Fvencimiento_lag1	0.00623091304919982	0.00518393826524299	0.0116105460996645
mcuentas_saldo_delta1	0.0062260386100737	0.00888031189860353	0.0106181166675449
Master_Fvencimiento_lag1	0.00617784108109931	0.00497847448506525	0.0114612425567793
Visa_status	0.00613989236838035	0.000861568202891147	0.000579649048848606
Visa_Fvencimiento	0.00613774409443275	0.00764522675754861	0.0118476752560117
mprestamos_personales_delta1	0.00607064683690656	0.009144526665732	0.00324954769809067
mcuenta_corriente_lag1	0.00571643691149348	0.00708642494149514	0.00989794663715726
chomebanking_trx	0.00559921419271312	0.00471765109671786	0.00945003600850152
mrentabilidad	0.00558974844352281	0.00439341979907973	0.00811508668388049
mcaja_ahorro_dolares_delta1	0.00558892451140968	0.00612076518907878	0.00637613953733467
Master_Fvencimiento	0.00558067409455821	0.00522312269491255	0.00983646870773392
Visa_fechaalta	0.00543987673255278	0.0049878120782547	0.010161423477543
Master_fechaalta_lag1	0.00515041883839362	0.00593753154096523	0.0103107270204282
mcomisiones_mantenimiento	0.00505872755301168	0.00653721485059059	0.00475136568828933
mrentabilidad_annual_lag1	0.0050269232784805	0.0066064395410952	0.00905482074792292
mactivos_margen_delta1	0.00468950643628543	0.00451034829611354	0.00801847850907239
mprestamos_personales_lag1	0.0046793638723979	0.00249278229936912	0.00154573079692962
Visa_mpagominimo	0.00465345372968058	0.00703848647525698	0.00944125344715533
ccaja_ahorro	0.004637032330879	0.00391066575010585	0.00295972317366637
mactivos_margen_lag1	0.00462971910441958	0.00642862055313226	0.00822047742003478
mcuenta_corriente_delta1	0.00456858508546207	0.00829971383804406	0.0084927368217667
mcaja_ahorro_delta1	0.00455500217609904	0.00716115019913787	0.00794821801830286
cliente_antiguedad_lag1	0.00448328611552256	0.0047272674867174	0.00882647415292196
mrentabilidad_delta1	0.0043932461568528	0.00405935012778637	0.00788674008887952
Visa_mfinanciacion_limite	0.00433099802854151	0.00423073624780199	0.0066396163777204
mtransferencias_recibidas	0.00415164118012731	0.00493253081725766	0.00690309321810613
cliente_antiguedad	0.00408007193395624	0.00360156255842331	0.00833465071753526
Visa_mpagospesos_lag1	0.00407431949832753	0.00532582132945204	0.00834343327888145
mcuentas_saldo_lag1	0.00385931983445071	0.0081603375015493	0.0077110888619557
chomebanking_trx_delta1	0.00385534389968391	0.00690640536014048	0.00706996188368376
Visa_mpagominimo_lag1	0.00385272959688922	0.00505479845265486	0.00656057332560468
mrentabilidad_lag1	0.00372468408580098	0.00338057328565626	0.00741248177618521
Master_mfinanciacion_limite	0.00372453811584694	0.0046318846148714	0.0071314398131071
cproductos	0.00364021710124461	0.00702755704467965	0.0077110888619557
Visa_mpagospesos_delta1	0.00359794398194379	0.00527063888058105	0.00807995643849572
Visa_fultimo_cierre	0.00348485168186993	0.00392860534358648	0.0065430082029123
ccomisiones_mantenimiento_delta1	0.00346596465886205	0.00522175811014226	0.00138764469269818
mcaja_ahorro_dolares_lag1	0.00336946204083697	0.00432323111763275	0.0060511847675256
Visa_msaldototal	0.00336224870750829	0.00256229159017809	0.00425954225290264
mtransferencias_recibidas_lag1	0.00330751114767621	0.00493282061016215	0.00656935588695087
Master_mfinanciacion_limite_lag1	0.00328347705974211	0.00523139916499244	0.00618292318771847
mcomisiones	0.00322042726369026	0.00288287875158748	0.0055681438934851
mcomisiones_otras	0.00321372220860804	0.00362154536369458	0.00548910084136938
Visa_mfinanciacion_limite_lag1	0.00312327817630482	0.00318954730106346	0.00561205670021605
chomebanking_trx_lag1	0.00308387831795224	0.00351963264445759	0.00656935588695087
Visa_mpagospesos	0.00306606234511082	0.00509649388629763	0.00676257223656707
Visa_Finiciomora	0.0030565585786471	0.00548790956439687	0.00119442834308198
Visa_mconsumospesos_lag1	0.00298097715467327	0.00324532384447909	0.00601605452214084
mpasivos_margen_lag1	0.00292235630126335	0.00522898246780105	0.00638492209868086
Visa_mpagominimo_delta1	0.00287268215130119	0.00347720994134912	0.00542762291194604
mpasivos_margen_delta1	0.00286839878765039	0.00403756243579823	0.00622683599444942
thomebanking	0.00286061564822161	0.00164633632257754	0.00150181799019866
mcaja_ahorro_dolares	0.00284204253557265	0.00572567223374406	0.00567353462963939
Visa_cconsumos_lag1	0.00283896933085601	0.00433739851620194	0.00548910084136938
Master_fultimo_cierre_lag1	0.00282133344133196	0.00375493150140337	0.00588431610194797
Visa_mconsumospesos	0.00277164358868269	0.00259078384527934	0.00633222673060371
Master_fultimo_cierre	0.00266631123592164	0.00246321487059325	0.00572622999771653
ccomisiones_otras	0.00260585359065043	0.00451235859598274	0.00449667140924979
Visa_mconsumospesos_delta1	0.00247830084109375	0.00343023500788273	0.00540127522790747
ccomisiones_otras_lag1	0.0024275153263277	0.00458973559233465	0.00457571446136551
mcuenta_debitos_automaticos	0.00240955552373852	0.00742590591302139	0.00362719783597688
cmobile_app_trx	0.00239649074293378	0.00303676825273088	0.00501484252867506
mtarjeta_visa_debitos_automaticos_lag1	0.00239473921458925	0.00502549271565334	0.00468110519751981
tcallcenter	0.00228772336893216	0.000837026371064736	0.000843125889234336
Visa_mlimitecompra_lag1	0.0022840121882206	0.00282863570517	0.00407510846463263
Visa_mlimitecompra	0.00221666742176959	0.00288950519661329	0.0038028490629007
mtransferencias_emitidas_lag1	0.00219466001229354	0.00317157884283503	0.00518171119425269
Visa_mconsumosdolares_lag1	0.00219375200747804	0.00276384098983487	0.00459327958405789
mtransferencias_emitidas	0.00217362491153639	0.00812136360127044	0.00567353462963939
mtransferencias_recibidas_delta1	0.00216129462105887	0.00315754584097517	0.00466354007482742
Master_mlimitecompra	0.00215181895720533	0.00270695941529384	0.00369745832674641
mcomisiones_mantenimiento_lag1	0.00211740817588371	0.00619006906673543	0.00399606541251691
mpayroll_lag1	0.00211572292548882	0.00569065990555797	0.00444397604117265
mtarjeta_visa_debitos_automaticos_delta1	0.00211466072648261	0.00497524797133839	0.00333737331155258
Visa_msaldopesos_lag1	0.00209119043863595	0.00257048902582948	0.00364476295866927
Visa_msaldopesos	0.00207307297493324	0.00288832724000073	0.00456693190001932
ccomisiones_mantenimiento	0.00204894435024701	0.00328467397918231	0.00130860164058246
Visa_msaldopesos_delta1	0.00204290999450048	0.00275465024032271	0.00382041418559309
mcomisiones_lag1	0.00202306098916258	0.00165867378777039	0.00389067467636261
mcomisiones_otras_lag1	0.00201659203407438	0.00171556070763508	0.00387310955367023
mtarjeta_visa_debitos_automaticos	0.00201447371668797	0.00310374951089267	0.00406632590328643
mtransferencias_emitidas_delta1	0.00198356082933119	0.00306655002898579	0.0038116316242469
Visa_cconsumos	0.00197565541726018	0.00295642574717058	0.00424197713021025
mtarjeta_visa_consumo_lag1	0.00195814695766628	0.00407465241493172	0.00319685233001353
Master_mlimitecompra_lag1	0.00187848215197553	0.0022935518538424	0.00315293952328257
cmobile_app_trx_lag1	0.00182667882030076	0.00409869400082471	0.0041980643234793
mcomisiones_otras_delta1	0.00181894083459084	0.00218737990434619	0.00357450246789974
cproductos_lag1	0.00178234546906065	0.00253469910577345	0.00375015369482356
mpagomiscuentas	0.00174335418101714	0.00397445859906235	0.00315293952328257
Visa_Finiciomora_lag1	0.00173231674213731	0.00521590246078916	0.0010714724842353
cprestamos_personales	0.00173044719222021	0.00245826143551328	0.000992429432119583
ccaja_ahorro_delta1	0.00169375063487534	0.00538049635438354	0.00052695368077146
mpayroll_delta1	0.00166618020275879	0.00813809202077001	0.00436493298905693
Visa_mconsumosdolares	0.00165783231315543	0.0026872207385906	0.00356571990655355
Visa_msaldototal_delta1	0.00165616491788442	0.00287105856100201	0.00389067467636261
ctransferencias_recibidas_lag1	0.00165239761497549	0.00240020854783339	0.00373258857213118
ctarjeta_visa_trx_lag1	0.00162909659172839	0.00450620628116615	0.00368867576540022
mtarjeta_master_consumo	0.00161932879189791	0.00229368067614276	0.00138764469269818
mautoservicio	0.00161408134229906	0.00498359721418191	0.00399606541251691
mcomisiones_delta1	0.00160830356473412	0.00225852875864721	0.00319685233001353
ccallcenter_trx_delta1	0.00154792224976473	0.00200270523333392	0.00111538529096626
Visa_msaldototal_lag1	0.00153691925344041	0.00140978352906137	0.00303876622578209
internet	0.00152079180762567	0.00329969426232337	0.00216051009116299
ccallcenter_trx	0.0014297136315919	0.00624497050430509	0.00245911717693348
Visa_cconsumos_delta1	0.00141197675697772	0.0028683473364766	0.0029333754896278
ctransferencias_recibidas	0.00136144910330606	0.00272669595386761	0.00272259401731921
ccaja_seguridad	0.00132715275482043	0.00303595874164248	0.000667474662310516
mpagomiscuentas_lag1	0.00130896172891789	0.0039320048930766	0.00269624633328064
ctarjeta_visa_debitos_automaticos_lag1	0.00127879993415551	0.00328363729183807	0.00237129156347157
mautoservicio_lag1	0.00125918430801979	0.00270107031948694	0.00314415696193638
Master_mpagominimo_lag1	0.0012535731656223	0.00211923825277818	0.00198485886423917
Visa_mconsumosdolares_delta1	0.00125258490611157	0.00215541318886173	0.00281041963078112
ctarjeta_debito	0.00123335173355814	0.00180116537889798	0.00246789973827967
ctarjeta_debito_trx	0.00121601216921919	0.0018780990951944	0.0030299836644359
Master_mpagospesos	0.00121181881882506	0.00365420154957025	0.003126591839244
cmobile_app_trx_delta1	0.00119558700449427	0.00241902019268933	0.00262598584251111
mautoservicio_delta1	0.00119303819006669	0.00500590882425113	0.00291581036693541
Master_mpagospesos_lag1	0.00119141957151372	0.00350981374305286	0.00279285450808874
Visa_fultimo_cierre_delta1	0.00117286397997539	0.00195243284605944	0.00206390191635489
mtarjeta_visa_consumo_delta1	0.00116748371968315	0.00314744440103377	0.00319685233001353
Master_msaldopesos	0.00116560618442267	0.00316026340352721	0.00200242398693155
ctransferencias_emitidas_lag1	0.00115547029263316	0.00385109036152221	0.00237129156347157
ctarjeta_debito_lag1	0.00112518309683468	0.00153695099357834	0.0021517275298168
mcuenta_debitos_automaticos_lag1	0.00112289779219097	0.00239204012965333	0.00242398693154872
ctransferencias_emitidas	0.00110827469290525	0.00496344900932405	0.00280163706943493
ctarjeta_debito_trx_lag1	0.00109248074932251	0.00445895812529863	0.0029333754896278
ccomisiones_otras_delta1	0.00109173098078849	0.00172059332986708	0.00225711826597109
Master_fultimo_cierre_delta1	0.00108905180162366	0.00158540551263561	0.00238007412481776
tcuentas_lag1	0.00107557387362755	0.00329411404986262	0.000447910628655741
mcomisiones_mantenimiento_delta1	0.00102590669419862	0.00923972489482621	0.00177407739193058
Master_msaldototal	0.000992946331763993	0.00246371924006206	0.00279285450808874
Master_mpagominimo	0.000981696098609596	0.00413500005006163	0.00235372644077919
mdescubierto_preacordado_lag1	0.000967850890819253	0.000816405181424161	0.00108903760692768
ccaja_seguridad_lag1	0.000955449930839166	0.000597419335967303	0.000368867576540022
ctarjeta_visa_trx_delta1	0.000891628334331071	0.00227868589783177	0.00188825068943107
cplazo_fijo	0.00087488496054447	0.00254936033588766	0.000386432699232404
Master_mpagospesos_delta1	0.000847339041654255	0.00513844597183815	0.00194094605750821
internet_lag1	0.000811608298886257	0.00275807476011053	0.0014666877448139
mextraccion_autoservicio_delta1	0.000807278923229128	0.00248514009012315	0.00180920763731535
ccuenta_debitos_automaticos_lag1	0.000805584423498197	0.00295267226089197	0.00159842616500676
ctransferencias_emitidas_delta1	0.000786484598303007	0.00263214603617238	0.00170381690116105
mextraccion_autoservicio	0.000779420730198338	0.0019803624676639	0.00181799019866154
Visa_mpagado	0.000765694223548466	0.00322266448292448	0.00198485886423917
ctarjeta_debito_trx_delta1	0.000765535063894521	0.00311480440385263	0.00191459837346964
Master_status_lag1	0.000764282454445229	0.00245841057004358	0.000421562944617168
Master_msaldototal_lag1	0.000762481371125722	0.00123995862536519	0.00159842616500676
mtarjeta_master_consumo_lag1	0.000759779933286587	0.00152893384805804	0.000887038695965291
ctarjeta_visa_debitos_automaticos	0.000755187423027664	0.00130518951911151	0.00158964360366057
Master_msaldopesos_lag1	0.000734309514594937	0.00227219354406822	0.001563295919622
ctransferencias_recibidas_delta1	0.000695351238719178	0.00179318190891678	0.00173016458519963
ccajas_consultas_delta1	0.000692303048684726	0.00385144529101367	0.000737735153080044
mextraccion_autoservicio_lag1	0.00068555140294297	0.00126205565887009	0.00219564033654775
ccomisiones_mantenimiento_lag1	0.000676201095628057	0.00126020075519605	0.00118564578173579
Master_mfinanciacion_limite_delta1	0.000652873450763803	0.0057652660388447	0.00108903760692768
mcuenta_debitos_automaticos_delta1	0.000635876783234832	0.00365729572835548	0.00173016458519963
mprestamos_prendarios	0.000626540739674587	0.00571361157995537	0.000623561855579561
Master_mconsumospesos	0.000626019964793253	0.00144497492559029	0.00180042507596916
cpagomiscuentas	0.000606750070314211	0.00221969650944551	0.00138764469269818
thomebanking_lag1	0.000600196757304454	0.000584854541795091	0.00100121199346577
ccaja_ahorro_lag1	0.000593845426700105	0.0010667990033188	0.000992429432119583
ccuenta_debitos_automaticos	0.00058615841700154	0.00214742322813037	0.00132616676327484
Master_cconsumos	0.000572202537654378	0.00164523144417567	0.00110660272962007
Master_mconsumospesos_lag1	0.000571826082058623	0.00147275281636439	0.00172138202385344
cpagomiscuentas_lag1	0.0005581445240984	0.00116877311741618	0.00122955858846674
mplazo_fijo_dolares_delta1	0.000541243663447928	0.00446322690077869	0.000649909539618134
Master_mpagominimo_delta1	0.000540942080969577	0.00215431273944234	0.00111538529096626
Master_mconsumospesos_delta1	0.000540380354533192	0.0017348912306955	0.0012646888338515
mplazo_fijo_dolares	0.000535495825262272	0.00209747576017304	0.000465475751348123
Visa_mpagado_delta1	0.000526411247685905	0.00159780559447713	0.00103634223885054
ctarjeta_visa_debitos_automaticos_delta1	0.00051686579434809	0.00184400761355251	0.000799213082503381
ccajas_trx_delta1	0.000511202566309191	0.00151897757183507	0.000535736242117651
mpagomiscuentas_delta1	0.000498024216371426	0.000974362092068932	0.00142277493808294
cextraccion_autoservicio	0.000473866208439119	0.00182740679456503	0.00104512480019673
matm_lag1	0.00046391519037262	0.00199716976886844	0.00140520981539056
cextraccion_autoservicio_lag1	0.000461019403301162	0.00284374685881339	0.0011680806590434
Master_msaldototal_delta1	0.000452423082545923	0.00172189079264447	0.000939734064042437
ccajas_otras_delta1	0.000432359513555665	0.0013400859301358	0.000210781472308584
Visa_msaldodolares_lag1	0.000430806489559566	0.00142822718656375	0.00150181799019866
Visa_mpagosdolares	0.000430346622336688	0.00108251967658371	0.0010714724842353
ccallcenter_trx_lag1	0.000428943969041366	0.00275221391815729	0.000816778205195763
matm_delta1	0.000422358073285226	0.00120723165213182	0.00106268992288911
Master_cconsumos_lag1	0.000418258623513175	0.001235682366432	0.00101877711615816
tpaquete7	0.000409792731322882	0.00140601362500293	0.00026347684038573
matm	0.000409487405645135	0.00125648888608027	0.00148425286750628
Master_msaldopesos_delta1	0.000408235235907099	0.00172777469585124	0.000834343327888145
Visa_mlimitecompra_delta1	0.000384720808345661	0.000885482570080878	0.000685039785002898
ctarjeta_master	0.000384173389115476	0.000354985388267965	0.000272259401731921
mttarjeta_master_debitos_automaticos_lag1	0.000381060846475671	0.0012277002709626	0.000755300275772426
thomebanking_delta1	0.000354528695875833	0.000973225905342736	0.000685039785002898
mttarjeta_master_debitos_automaticos	0.000340629553751355	0.0026416101608092	0.000755300275772426
catm_trx_lag1	0.000336316068482092	0.00240939540289545	0.000904603818657673
Visa_mpagosdolares_lag1	0.000331086943602327	0.000762850307247857	0.000816778205195763
mcaja_ahorro_adicional_lag1	0.000330583083681972	0.00464123144783462	0.000746517714426235
Visa_mpagado_lag1	0.000324917162947849	0.00146283487374829	0.000843125889234336
cpagomiscuentas_delta1	0.000324156187859643	0.0012329413608176	0.000720170030387662
Visa_msaldodolares_delta1	0.000321039865192302	0.00225101025546323	0.000860691011926718
Master_Fvencimiento_delta1	0.000320150669637356	0.000266614970178261	0.000641126978271943
Master_cconsumos_delta1	0.00029971733569219	0.000889386947210414	0.000746517714426235
cprestamos_personales_delta1	0.000299106860673119	0.00199261753851053	0.000316172208462876
tmobile_app	0.000296416114979007	0.000144442939712924	0.000597214171540988
Visa_Fvencimiento_delta1	0.000294162067867345	0.000249961767018853	0.000632344416925752
mtarjeta_master_consumo_delta1	0.000291121466695938	0.00215487040942429	0.000641126978271943
tcallcenter_lag1	0.000290712505220516	0.00096614678776414	0.000421562944617168
cprestamos_personales_lag1	0.00028811688525014	0.000744035607921254	0.000465475751348123
mforex_sell	0.000283872506260038	0.000829451360173424	0.000605996732887179
cextraccion_autoservicio_delta1	0.000281706320386761	0.000617229258198839	0.000685039785002898
Master_mlimitecompra_delta1	0.000276681883102804	0.00069633164866852	0.000518171119425269
mcaja_ahorro_adicional	0.000268397229021022	0.00207539873345102	0.000465475751348123
matm_other_lag1	0.000268356325712139	0.000838030528296369	0.000597214171540988
ctarjeta_master_trx	0.000266886074043269	0.00244489507187639	0.000641126978271943
catm_trx	0.00026336990749047	0.00193297495157222	0.000816778205195763
Visa_mconsumototal_delta1	0.000263011936791507	0.000254877021215488	0.000483040874040505
cpayroll_trx_lag1	0.000257340041300997	0.000642838780246747	0.00061477929423337
cseguro_accidentes_personales_lag1	0.00025667816938733	0.000495998386507637	0.000491823435386696
mplazo_fijo_dolares_lag1	0.000250767359702397	0.00192803701793089	0.000474258312694314
Visa_mconsumototal_lag1	0.000245705387373236	0.000163496040475052	0.000465475751348123
ccajas_extracciones	0.000245639618889896	0.00190792561944456	0.000544518803463842
minversion1_pesos	0.000242670640187249	0.00303037326021983	0.000272259401731921
mttarjeta_master_debitos_automaticos_delta1	0.000230366755245151	0.00277313207870842	0.000605996732887179
tmobile_app_lag1	0.000229211808148474	9.87548547383556e-05	0.000465475751348123
Visa_msaldodolares	0.000220376106923067	0.000835961658952139	0.000570866487502415
matm_other	0.000220254977550354	0.00122336765704562	0.000430345505963359
Master_Finiciomora	0.000218164961948735	0.000934341806501473	0.000219564033654775
Visa_mfinanciacion_limite_delta1	0.000215786835533216	0.000381382963747846	0.000509388558079078
ccajas_otras	0.000209952128935785	0.00122851787639828	0.000219564033654775
cseguro_accidentes_personales	0.000205009388375759	0.000340696116319177	0.000403997821924786
Visa_mconsumototal	0.00020431934723006	0.000232242706320347	0.000456693190001932
mforex_sell_lag1	0.000204248726541096	0.000634069089515974	0.000500605996732887
minversion2	0.000198261605387944	0.00374932471504783	0.000360085015193831
ccuenta_debitos_automaticos_delta1	0.000194228838400526	0.00228456705201494	0.00035130245384764
Visa_fechaalta_delta1	0.000193570911217825	0.000452717606227155	0.000430345505963359
matm_other_delta1	0.000193201279668534	0.000700058026519962	0.000579649048848606
Master_msaldodolares	0.000175865338817831	0.00215495020747045	0.000237129156347157
catm_trx_delta1	0.000173370021526859	0.000905792509160531	0.000465475751348123
ccajas_trx_lag1	0.000173238764245767	0.00129206545136025	0.00111538529096626
Master_fechaalta_delta1	0.00016950854262676	0.000120057420422875	0.00052695368077146
tpaquete9	0.000164474943296218	0.000428259314173475	0.000210781472308584
cforex_buy_delta1	0.000161008552960291	0.00219522722129743	0.000193216349616202
Visa_mpagosdolares_delta1	0.000159295951890433	0.00119760228063195	0.000746517714426235
mforex_sell_delta1	0.000158845316225393	0.000990398826686061	0.000430345505963359
Visa_status_delta1	0.000158801767143602	0.00035454439906548	0.000281041963078112
minversion2_lag1	0.000157183193320354	0.00351636924799744	0.000360085015193831
ctarjeta_visa_delta1	0.00015341846867744	0.00264578478223096	0.000307389647116685
Master_mconsumosdolares_lag1	0.000152035258878188	0.000398050141110554	0.000342519892501449
cseguro_vida_lag1	0.000146652946079049	0.00242914729018432	0.000368867576540022
tcallcenter_delta1	0.000142723270908561	0.000426485124886801	0.000245911717693348
ccajas_trx	0.000141765478439661	0.000321749769306846	0.000307389647116685
cpayroll_trx_delta1	0.000141274928020676	0.000423230815476877	0.000377650137886213
catm_trx_other	0.000141185660664093	0.00158245061771278	0.000333737331155258
mcheques_emitidos_delta1	0.000140562980868048	0.00247401769336145	0.000298607085770494
ctarjeta_master_trx_delta1	0.000140099085102795	0.000934502242573235	0.000377650137886213
mprestamos_hipotecarios	0.000138469644469553	0.000928061203916884	7.0260490769528e-05
Master_delinquency	0.000137406878060063	6.98741473300906e-05	7.9043052115719e-05
ctarjeta_debito_delta1	0.000132151609260471	0.00245601074880262	0.000237129156347157
Visa_delinquency	0.00013195329613136	0.000144482647831589	6.1477929423337e-05
cprestamos_hipotecarios	0.000129212518383612	0.000923799988251727	7.0260490769528e-05
active_quarter_lag1	0.00012806870290323	0.000170620516943046	0.000228346595000966
tpaquete9_lag1	0.000119659192417027	0.000461266764175801	0.000201998910962393
Master_mpagado	0.000119172649432163	0.000738531909950705	0.00026347684038573
tmobile_app_delta1	0.000118606618945508	0.000591776812304959	0.000281041963078112
ctarjeta_master_trx_lag1	0.000118371247201898	0.000238475124630171	0.000386432699232404
Master_mconsumosdolares_delta1	0.00011621557250606	0.00027887882262805	0.000360085015193831
Master_mpagado_lag1	0.000113613128234289	0.000233999943294821	0.000210781472308584
mcheques_depositados	0.000109831362688079	0.00105166929376611	0.000254694279039539
cseguro_vivienda_lag1	0.000108434784763	0.000304349289898863	0.000201998910962393
ccheques_depositados_delta1	0.000107866648756292	0.00254652700889735	0.000210781472308584
mprestamos_hipotecarios_lag1	0.000107263128583735	0.00211374005285483	0.00017565122692382
mcheques_depositados_delta1	0.000107128660016946	0.0023424841684737	0.000316172208462876
Master_msaldodolares_lag1	0.000106843215181231	0.000734168751327052	0.00017565122692382
cseguro_vivienda	0.000103924920613346	0.000258319180571406	0.00017565122692382
internet_delta1	0.00010124521846964	0.00021365907769967	0.000245911717693348
minversion1_pesos_delta1	9.91746424576528e-05	0.000113097121753208	0.000166868665577629
ccajas_depositos_lag1	9.75265593769554e-05	0.000615678503441424	0.000166868665577629
Visa_delinquency_lag1	9.53074933892823e-05	0.000131852335263579	8.782561346191e-05
catm_trx_other_lag1	9.22659140673689e-05	0.000604227598359542	0.000228346595000966
mcaja_ahorro_adicional_delta1	9.08989326807355e-05	0.00208720143719192	0.000289824524424303
cliente_edad_delta1	8.8686725084551e-05	0.000159484604148653	0.00017565122692382
mprestamos_hipotecarios_delta1	8.72313506390554e-05	2.35970840492422e-05	0.000131738420192865
Master_mpagosdolares	8.58252625668997e-05	0.000100051477536312	0.00026347684038573
Master_mconsumosdolares	8.29533069643312e-05	9.82310130190399e-05	0.000219564033654775
ccajas_consultas	8.24851293057887e-05	0.000835324725456393	0.000184433788270011
ctarjeta_master_debitos_automaticos_lag1	7.80228768424807e-05	0.000289414990107063	0.000184433788270011
cseguro_vida	7.76393544164942e-05	0.000362154230922391	0.000131738420192865
ccajas_extracciones_lag1	7.5653248609084e-05	0.000651894522155443	0.000254694279039539
Master_delinquency_lag1	7.18297553692577e-05	0.000628434431115597	0.000122955858846674
ccajas_extracciones_delta1	6.91529397338129e-05	0.000997120265749602	0.000237129156347157
Master_status_delta1	6.91142705910696e-05	0.000236502852920771	0.000219564033654775
Master_mconsumototal	6.60473526960202e-05	0.000191936369574965	0.000193216349616202
mtarjeta_visa_descuentos_delta1	6.58341191525466e-05	0.00108795151813182	0.000210781472308584
mprestamos_prendarios_lag1	6.45665819317881e-05	0.000605289790533839	0.000122955858846674
Master_mpagado_delta1	6.33811517052714e-05	0.000477640483269219	0.000149303542885247
active_quarter	5.89247892308937e-05	6.4941711735956e-05	0.000114173297500483
Master_mconsumototal_lag1	5.60817414442049e-05	0.000109933071951481	0.000149303542885247
catm_trx_other_delta1	5.51745767340135e-05	8.68288267442888e-05	0.000122955858846674
cforex_sell	5.49779090361071e-05	0.000335385689980055	0.000105390736154292
Visa_status_lag1	5.44349774089654e-05	0.000214759298033766	7.0260490769528e-05
cforex	5.4050573909172e-05	5.52108554481822e-05	0.000105390736154292
ctarjeta_master_debitos_automaticos	4.9396538208315e-05	0.000334321206952758	0.000140520981539056
Master_mconsumototal_delta1	4.85369161855934e-05	7.46407251670308e-05	0.000140520981539056
minversion1_pesos_lag1	4.78001167222364e-05	0.00144190686252926	0.000131738420192865
ccheques_emitidos	4.36714783090359e-05	0.0011303103064416	0.000114173297500483
mtarjeta_visa_descuentos_lag1	4.36366110334091e-05	0.000372577306624975	0.000122955858846674
ctarjeta_master_lag1	4.26316991289959e-05	0.000380919524185962	8.782561346191e-05
tpaquete7_lag1	3.98314148907526e-05	0.000964614054383659	0.000272259401731921
ccajas_depositos	3.85023816597289e-05	0.000571605469831802	0.000105390736154292
ctarjeta_visa_lag1	3.83819677305914e-05	0.00111100215737882	0.000158086104231438
mforex_buy_delta1	3.68089017571029e-05	0.00117175153176315	9.6608174808101e-05
ccheques_depositados_lag1	3.59269190366722e-05	0.000471711832067185	4.3912806730955e-05
Master_mpagosdolares_lag1	3.52183213873178e-05	2.73484321983831e-05	0.000149303542885247
cforex_lag1	3.47985367594254e-05	0.000391936236262593	9.6608174808101e-05
ccajas_consultas_lag1	3.25694734639641e-05	0.000214439953125577	7.9043052115719e-05
mtarjeta_master_descuentos_delta1	2.95824110442447e-05	0.000232529597477704	6.1477929423337e-05
cforex_sell_delta1	2.90145297622841e-05	8.37712252452913e-05	8.782561346191e-05
active_quarter_delta1	2.86864913131661e-05	6.68370107845591e-05	6.1477929423337e-05
mprestamos_prendarios_delta1	2.80719396313295e-05	0.00145291150944675	0.000140520981539056
cforex_sell_lag1	2.75551060724571e-05	0.000937482642326135	0.000105390736154292
mtarjeta_visa_descuentos	2.69813103043993e-05	0.000166990049470535	9.6608174808101e-05
cseguro_auto	2.66913515565949e-05	4.44632422372759e-05	2.6347684038573e-05
Master_msaldodolares_delta1	2.59042683082295e-05	0.000777026105611381	0.000114173297500483
tpaquete7_delta1	2.56578334823613e-05	0.000753210016015347	9.6608174808101e-05
minversion2_delta1	2.44496626044382e-05	0.000236019330214253	7.0260490769528e-05
Master_mpagosdolares_delta1	2.22300356276146e-05	6.25741151605354e-05	9.6608174808101e-05
ctarjeta_visa_descuentos_delta1	2.1881588784828e-05	0.00045672934800062	6.1477929423337e-05
cinversion2	2.17194009638921e-05	0.00138222693468706	0.000122955858846674
mcheques_emitidos_lag1	2.07142158092856e-05	0.000772835142771555	8.782561346191e-05
cpagodeservicios_lag1	2.02419164744357e-05	0.00127256448883663	0.000114173297500483
Visa_delinquency_delta1	1.80817494275516e-05	3.2718191630203e-05	3.5130245384764e-05
ccheques_emitidos_rechazados_lag1	1.67077499418883e-05	0.000147135302881967	2.6347684038573e-05
Master_madelantopesos_lag1	1.66539924627507e-05	1.85858431119102e-05	6.1477929423337e-05
ctarjeta_master_debitos_automaticos_delta1	1.66314214859144e-05	0.000143244518146897	7.0260490769528e-05
ccheques_emitidos_lag1	1.65314318803146e-05	0.000421039003688317	6.1477929423337e-05
mforex_buy	1.62716664860481e-05	0.000806832928525749	6.1477929423337e-05
cforex_buy	1.50305795661886e-05	0.000253624535518663	2.6347684038573e-05
ctarjeta_visa_descuentos_lag1	1.46924633488955e-05	0.000104687705837557	4.3912806730955e-05
cseguro_auto_lag1	1.3455027834797e-05	0.000224262748980414	3.5130245384764e-05
Master_cadelantosefectivo_lag1	1.27029900919559e-05	1.30734398999617e-05	2.6347684038573e-05
ccajas_depositos_delta1	1.22913292168006e-05	0.000143236423799631	6.1477929423337e-05
mcheques_depositados_lag1	1.22699601320095e-05	0.000324496654777287	5.2695368077146e-05
cplazo_fijo_lag1	1.21683406520503e-05	0.000176697539057709	1.7565122692382e-05
tcuentas	1.20032698579813e-05	9.70419075885464e-05	2.6347684038573e-05
cprestamos_prendarios_lag1	9.78039766055303e-06	0.000249397453563205	2.6347684038573e-05
cprestamos_hipotecarios_lag1	9.65994971530392e-06	0.0006919697881949	5.2695368077146e-05
Visa_madelantopesos	9.37282183128765e-06	1.08374146485033e-05	3.5130245384764e-05
Master_delinquency_delta1	8.81245039760422e-06	2.93003153160843e-05	2.6347684038573e-05
ccajas_otras_lag1	7.19913145259228e-06	0.000122110482881406	1.7565122692382e-05
cforex_delta1	6.58484708750472e-06	1.05019574075479e-05	1.7565122692382e-05
cinversion1_lag1	6.50526618617302e-06	5.27408577436651e-05	1.7565122692382e-05
mtarjeta_master_descuentos_lag1	6.40465728303466e-06	9.7679451978425e-05	2.6347684038573e-05
ctarjeta_visa_descuentos	6.14705350046518e-06	0.000114595186891625	2.6347684038573e-05
mtarjeta_master_descuentos	5.93636852362356e-06	7.19966989962861e-05	8.782561346191e-06
mcajeros_propios_descuentos_lag1	5.77178059561646e-06	4.58697496174621e-05	2.6347684038573e-05
ctarjeta_master_descuentos_delta1	4.91461270686999e-06	0.000125331345837531	2.6347684038573e-05
mcheques_emitidos	4.17271756228116e-06	0.00021416405806262	1.7565122692382e-05
mforex_buy_lag1	3.21895301427542e-06	5.52352912135148e-05	8.782561346191e-06
ctarjeta_master_delta1	3.00142953164931e-06	4.24181977642445e-05	1.7565122692382e-05
Visa_madelantopesos_lag1	1.65208765776457e-06	1.3192258808891e-06	8.782561346191e-06
cinversion2_lag1	1.54721285918178e-06	9.5512457764031e-05	8.782561346191e-06
cplazo_fijo_delta1	1.46607732642454e-06	1.01119015034276e-05	8.782561346191e-06
ccheques_depositados	1.44164746943617e-06	8.92646907391071e-05	1.7565122692382e-05
Visa_cadelantosefectivo_lag1	1.36749340031737e-06	1.29043749485673e-06	8.782561346191e-06
mcajeros_propios_descuentos_delta1	2.65815553458533e-07	2.36074692495085e-05	8.782561346191e-06
Visa_madelantopesos_delta1	8.53366573774187e-11	1.47523297018387e-06	8.782561346191e-06
Master_madelantopesos_delta1	1.53900839430034e-12	3.27920334585672e-06	2.6347684038573e-05
Master_cadelantosefectivo	1.5958123021615e-13	3.79211769636286e-05	0.000149303542885247
Master_madelantopesos	8.88053060089686e-14	4.76848688110679e-05	0.000201998910962393