Feature	Gain	Cover	Frequency
ctrx_quarter	0.223410799864405	0.0190432394588867	0.0146938918648793
mcuentas_saldo	0.0335702585471419	0.0129558374521447	0.018314761399602
mtarjeta_visa_consumo	0.0324438509241249	0.0121212620513129	0.0162719948097948
mcuenta_corriente	0.0256673467410152	0.0065491922745005	0.00971410034981282
mcaja_ahorro	0.0249842162110446	0.00712790854086823	0.0128440045238951
mdescubierto_preacordado	0.0222942862330618	0.00229436871986095	0.00175344771657271
foto_mes	0.01879229369769	0.0155446022950472	0.0165262447286978
cpayroll_trx	0.0181793994958041	0.0091054451737869	0.00414690384969446
ctarjeta_visa	0.0164406334846424	0.000618782548867289	0.000675077370880494
mpayroll	0.0151697369545005	0.0117036572232304	0.00541815344420968
mprestamos_personales	0.0149772604474035	0.00859998060153286	0.00335785237723674
mpasivos_margen	0.0108138042089829	0.00837968286159743	0.0102401346647846
mdescubierto_preacordado_delta1	0.010563242767186	0.00498277423808184	0.00118357720868658
cproductos_delta1	0.0094084789069871	0.00434522458404585	0.00173591323940698
Master_status	0.00927121383908322	0.00207368905618577	0.000876723858286356
numero_de_cliente	0.0087669140114776	0.00925004792796492	0.0165262447286978
mactivos_margen	0.00863843551523032	0.00786157285218749	0.0127387976609007
cliente_edad_lag1	0.00844648396399471	0.00944545697085995	0.0150621158853596
mrentabilidad_annual	0.00828330825925298	0.00837832069738209	0.0116691945537914
mrentabilidad_annual_delta1	0.0081456643378405	0.00652204987714653	0.0125897546049921
cliente_edad	0.00805499857172581	0.00858308230343522	0.0137908662908444
ctrx_quarter_delta1	0.00801823838787282	0.00719132585096555	0.0116341255994599
Visa_status	0.00733363901021928	0.000965691282597112	0.000596172223634722
Master_fechaalta	0.00700374673044534	0.00918698909014965	0.0118357720868658
mcuenta_corriente_lag1	0.00665522476086669	0.00774245741635009	0.0103716432435276
Visa_fechaalta_lag1	0.00653018805774332	0.00419660218910449	0.00978423825847573
Master_Fvencimiento	0.00621532729140806	0.00598173582961563	0.0110028844214938
mprestamos_personales_delta1	0.00618678702529345	0.0087810131394444	0.0032964817071567
Visa_Fvencimiento_lag1	0.00617318542907049	0.00547589930810548	0.0117042635081228
Visa_Fvencimiento	0.00614053385727682	0.00864282755687446	0.011309737771894
Master_Fvencimiento_lag1	0.00570958126257802	0.00463061443363593	0.0108626086041679
mrentabilidad	0.00559056779399605	0.00448808157516467	0.00850422142537765
mcuentas_saldo_delta1	0.00558541455800694	0.00805043612116255	0.0102927380962818
mrentabilidad_annual_lag1	0.00551037665508366	0.00726223445511846	0.00948615214665837
mcaja_ahorro_dolares_delta1	0.00549192081494412	0.00520070033514532	0.00622473939383312
Master_fechaalta_lag1	0.00526246994433696	0.00556432577045776	0.0104417811521905
mprestamos_personales_lag1	0.00517562308287398	0.00240225486679517	0.00143782712758962
chomebanking_trx	0.00516219381775324	0.00442160049962874	0.00859189381120629
Visa_fechaalta	0.00511480159035554	0.00557333592710516	0.00968779863406423
mcaja_ahorro_lag1	0.00500075647655509	0.00549363934602428	0.00980177273564146
mcomisiones_mantenimiento	0.0049706080765675	0.00649893374483129	0.00481321398199209
ctarjeta_visa_trx	0.00495123276219914	0.00718605970431237	0.0114237118734712
mcuenta_corriente_delta1	0.00477919061105894	0.00789266727701116	0.00871463515136638
cproductos	0.00469489540327665	0.00685037904122819	0.00673323923163921
mcaja_ahorro_delta1	0.0046454773395393	0.00698944017026611	0.00764503204425702
Visa_mpagominimo	0.00448856285721907	0.00520572343941866	0.00810092845056593
cliente_antiguedad_lag1	0.00447514473685317	0.00474445016970499	0.00853052314112624
mrentabilidad_delta1	0.00447172403814107	0.00489576834016586	0.0081798335978117
cliente_antiguedad	0.00441709439867378	0.00437109108504675	0.00905655745609805
mactivos_margen_delta1	0.0043912532962493	0.00411109893572678	0.00768886823717134
mtransferencias_recibidas	0.00435638946332191	0.00465020949708733	0.00692611848046221
ccaja_ahorro	0.00431993771303446	0.00358824746795925	0.00298086111817361
mactivos_margen_lag1	0.00415488036790033	0.00727929607586796	0.00794311815607438
Visa_mpagospesos_lag1	0.0040913200732443	0.00571645096039982	0.00762749756709129
Visa_mfinanciacion_limite	0.00407669221573363	0.00444403707265824	0.00634748073399322
Master_mfinanciacion_limite	0.00405115717790793	0.00591367589230389	0.00745215279543402
Visa_mpagominimo_lag1	0.00403898885043277	0.00641610608958254	0.00790804920174293
chomebanking_trx_delta1	0.00392375399329612	0.0063454463906739	0.00722420459227957
mcuentas_saldo_lag1	0.00391170945413691	0.00567688492490388	0.00753982518126266
Visa_mpagospesos_delta1	0.00366775002198401	0.00511986689135346	0.00839901456238329
Visa_fultimo_cierre	0.00361096882438675	0.00394929567943934	0.00662803236864485
mcaja_ahorro_dolares_lag1	0.00355934083124182	0.00420426365851062	0.00640885140407326
ccomisiones_mantenimiento_delta1	0.003555329415477	0.00491541556026833	0.00139399093467531
mrentabilidad_lag1	0.00355175042005784	0.00285315535879952	0.00643515311982185
Visa_msaldototal	0.00348520205327609	0.00235386636245456	0.00398032631662005
ctrx_quarter_lag1	0.00343755130114211	0.00611944080958483	0.00789928196316006
Master_mfinanciacion_limite_lag1	0.00337769266252296	0.00608827519283599	0.00610199805367304
mtransferencias_recibidas_lag1	0.00331308887333247	0.00507782497582454	0.00659296341431339
mcomisiones_otras	0.00322944024149166	0.0035252800756008	0.00569870507886131
mcomisiones	0.00318283701940427	0.00380048308403907	0.00568117060169558
chomebanking_trx_lag1	0.00314483421881214	0.00307909827576622	0.00654035998281621
Visa_Finiciomora	0.0031383844179708	0.00613706191511098	0.00134138750317812
Visa_mconsumospesos_lag1	0.00312165628137446	0.00296278353787922	0.00621597215525026
Visa_mpagospesos	0.00299843053062096	0.00504307037235383	0.00668940303872489
mpasivos_margen_lag1	0.00294929412823504	0.00448206886506088	0.00623350663241599
Visa_cconsumos_lag1	0.00294286594946831	0.00411511804350245	0.00568117060169558
Master_fultimo_cierre	0.00290949823132176	0.00253190579386498	0.0058214464190214
thomebanking	0.00288139315093159	0.00135858710662688	0.00156056846774971
mpasivos_margen_delta1	0.00283474958899599	0.00424022936226133	0.00629487730249603
Visa_mfinanciacion_limite_lag1	0.00283194911202282	0.00238169174544361	0.00502362770798082
ccomisiones_mantenimiento	0.00278874117811069	0.00308183882225043	0.00142905988900676
Visa_mconsumospesos	0.00276843630778741	0.00222176445349029	0.00602309290642726
Master_fultimo_cierre_lag1	0.00271393110936058	0.00410561076163638	0.00580391194185567
Visa_mpagominimo_delta1	0.00268446331083724	0.00336916981295319	0.00505869666231227
mcaja_ahorro_dolares	0.00267552697628213	0.00451047063614999	0.00558473097728409
mcuenta_debitos_automaticos	0.00267212250647541	0.00691614857821788	0.00424334347410596
Visa_fultimo_cierre_lag1	0.00252161460257865	0.00260036075118506	0.00547075687570686
Visa_cconsumos	0.00251007093242096	0.00308964252322472	0.00519020524105523
mcomisiones_mantenimiento_lag1	0.00240778423730125	0.00611010484518575	0.00411183489536301
ccomisiones_otras	0.00239895040171249	0.00451300773362452	0.00419950728119164
Visa_mconsumospesos_delta1	0.00236797414215909	0.00408030861844231	0.00552336030720404
Visa_mconsumosdolares_lag1	0.00236721731120423	0.00334713077258821	0.00504116218514654
tcallcenter	0.00235993259885608	0.000936018335902911	0.00100823243702931
mtransferencias_recibidas_delta1	0.00235058417869383	0.00287326841013001	0.00528664486546672
Visa_mlimitecompra_lag1	0.00234973847931019	0.00327287066579324	0.00379621430637992
mpayroll_lag1	0.00234501747165916	0.00540930455391256	0.00396279183945433
cmobile_app_trx	0.00231806735023265	0.003100398975919	0.00483951569774068
Visa_mlimitecompra	0.00228854228972451	0.00268132287342991	0.00386635221504283
mtransferencias_emitidas	0.00227879882187188	0.00842415603847682	0.00647898931273617
ccomisiones_otras_lag1	0.00226159419479383	0.00419265846101431	0.00443622272292896
mtarjeta_visa_debitos_automaticos_lag1	0.00224530096039563	0.00452146655259258	0.00412060213394587
mtarjeta_visa_consumo_lag1	0.00218920861278566	0.00351549693454233	0.0032000420827452
Visa_msaldototal_lag1	0.00215922966446684	0.00153202335191083	0.00303346454967079
Visa_msaldopesos_lag1	0.00214037602331181	0.00282481054125055	0.00356826610322547
Visa_msaldopesos	0.00208777677120723	0.00297410427223923	0.00492718808356932
cmobile_app_trx_lag1	0.00206262254258981	0.00401236228364645	0.00445375720009469
mtransferencias_emitidas_lag1	0.00205783519521507	0.00300380036582675	0.00493595532215218
mtarjeta_visa_debitos_automaticos	0.0020280560817642	0.00270774840236088	0.00405046422528296
mtarjeta_visa_debitos_automaticos_delta1	0.00202290475023655	0.00444266896943738	0.00333155066148815
mtransferencias_emitidas_delta1	0.00201995896208617	0.0037875844777375	0.00408553317961442
Master_mlimitecompra	0.00201963068772137	0.00253361272496501	0.00360333505755692
mcomisiones_otras_lag1	0.00200581945492624	0.0015852119432533	0.00384005049929424
mcomisiones_lag1	0.00199095065421676	0.0014192462055056	0.00376114535204847
ctarjeta_debito_trx	0.00192702606445978	0.00141962333235628	0.00302469731108793
Visa_msaldopesos_delta1	0.00191189523467887	0.0023795074096689	0.00341922304731679
mcomisiones_otras_delta1	0.0018496888257073	0.00262060651644665	0.00370854192055128
mpayroll_delta1	0.00183931834457708	0.0081909430173397	0.00469923988041487
Visa_Finiciomora_lag1	0.00183840175708902	0.00389920740126178	0.000824120426789174
mpagomiscuentas	0.0018009318002629	0.00339111261097227	0.00323511103707665
mcomisiones_delta1	0.00179928102053987	0.00243798445700581	0.00364717125047124
ccallcenter_trx_delta1	0.00179507423146448	0.00240887480214308	0.0011309737771894
Master_mlimitecompra_lag1	0.00177598590471671	0.00198460420177255	0.00309483521975084
Visa_mconsumosdolares	0.00172199422413131	0.00252989871456279	0.00372607639771701
ccaja_ahorro_delta1	0.00172176097847471	0.00516957789039816	0.000526034314971813
ctransferencias_recibidas_lag1	0.00171981896415927	0.00351006259220711	0.00412060213394587
cprestamos_personales	0.00169092213225624	0.00281141145952207	0.0010345341527779
mautoservicio	0.0016744690608022	0.0049004811694712	0.00380498154496278
ctarjeta_visa_trx_lag1	0.00164515749191901	0.00407322399398281	0.00393649012370574
internet	0.00161592869057106	0.00324967283408152	0.00215674069138443
cproductos_lag1	0.00161569212315429	0.00261094976960827	0.00356826610322547
ctransferencias_recibidas	0.00160172781021399	0.00293318916879655	0.0030071628339222
Visa_msaldototal_delta1	0.00155338370849198	0.0028621831040402	0.00388388669220856
mtarjeta_visa_consumo_delta1	0.00153759504473223	0.00388329238928358	0.00321757655991092
Visa_cconsumos_delta1	0.0014370569730165	0.00276241793802913	0.00286688701659638
ccallcenter_trx	0.00134659355683629	0.00620049727064816	0.00233208546304171
ctarjeta_debito	0.00131791911814249	0.00166574630481834	0.00243729232603607
Visa_mconsumosdolares_delta1	0.00130563238247397	0.00240140437074792	0.00268277500635625
mpagomiscuentas_lag1	0.00129293893051032	0.00395691268244516	0.00272661119927057
mtarjeta_master_consumo	0.00129045312085641	0.00124450086635053	0.00120111168585231
Master_mpagominimo_lag1	0.00127420060845745	0.00253591888649403	0.00205153382839007
Master_mpagospesos_lag1	0.00126221514781395	0.00352126332819913	0.00298962835675647
ccaja_seguridad_lag1	0.00124553245964589	0.000639619778166037	0.000333155066148815
mdescubierto_preacordado_lag1	0.00123641147474559	0.000751788861775087	0.000946861766949264
cmobile_app_trx_delta1	0.00123232701475429	0.00231590751322231	0.00299839559533934
ctarjeta_visa_debitos_automaticos_lag1	0.00122764084901263	0.00278896171408288	0.00220934412288162
mautoservicio_lag1	0.00122576842657393	0.0025701050966798	0.0032000420827452
mcuenta_debitos_automaticos_lag1	0.00122511730369179	0.00283375384601527	0.00279674910793347
Master_msaldopesos	0.00121885477711807	0.00305144382953868	0.00194632696539571
Master_fultimo_cierre_delta1	0.00111435002559481	0.0015703884138926	0.00222687860004734
ccomisiones_otras_delta1	0.00110377958029963	0.00171438561793063	0.00208660278272153
Master_msaldototal	0.00109923697074404	0.00297470997466142	0.00303346454967079
Visa_fultimo_cierre_delta1	0.00109740880413562	0.00205584173546208	0.00218304240713303
mautoservicio_delta1	0.00108908066308723	0.00513868501105677	0.00274414567643629
mcomisiones_mantenimiento_delta1	0.00108452787891811	0.00820949555689863	0.00162193913782976
ctarjeta_debito_lag1	0.0010512573168572	0.00190882150147204	0.00192002524964712
Master_status_lag1	0.0010451388761465	0.00267152526556311	0.000420827451977451
ccaja_seguridad	0.00100523981452416	0.00284364107195258	0.000613706700800449
Master_mpagominimo	0.000998050104808812	0.00377428072466177	0.00205153382839007
ctransferencias_emitidas	0.000995390915858068	0.00442603967783347	0.00267400776777338
Master_mpagospesos_delta1	0.000979973031787547	0.00430106792570437	0.00205153382839007
ctransferencias_emitidas_lag1	0.000966653587069086	0.0039517764325025	0.00206030106697294
ctarjeta_debito_trx_lag1	0.000964655668078303	0.00390022982390479	0.00270030948352198
ctarjeta_master	0.000942673684980046	0.000284793131817267	0.000219180964571589
Master_mpagospesos	0.000931118121601354	0.00367835839978811	0.00298962835675647
ctransferencias_emitidas_delta1	0.000875726352422054	0.00291359265866431	0.00181481838665276
ccaja_ahorro_lag1	0.000864121505849317	0.00132948986276287	0.00118357720868658
Master_msaldototal_lag1	0.000857251861070056	0.00116874938389956	0.00182358562523562
internet_lag1	0.000841173297906117	0.00285015045042846	0.00186742181814994
cplazo_fijo	0.000831114949525564	0.00240652904724391	0.000403292974811724
ctarjeta_visa_trx_delta1	0.000820525501887128	0.00159114622802776	0.00165700809216121
ctarjeta_debito_trx_delta1	0.000799077174021007	0.0028095428047332	0.00190249077248139
mextraccion_autoservicio_delta1	0.000786371747027164	0.00267030007918027	0.00194632696539571
ccuenta_debitos_automaticos_lag1	0.000775485268403266	0.00295282702354415	0.0014202926504239
ctarjeta_visa_debitos_automaticos	0.000771257388897986	0.00129925255826184	0.00156056846774971
Master_msaldopesos_lag1	0.000767114787872396	0.00234945908736924	0.00137645645750958
ctransferencias_recibidas_delta1	0.000753214000627887	0.00163443997932328	0.00184112010240135
ccajas_consultas_delta1	0.000739711327942424	0.00415670829004728	0.000762749756709129
cpayroll_trx_lag1	0.000737849380149236	0.000702880237604687	0.00066631013229763
Visa_mpagado	0.000730098597591715	0.00268163413823216	0.00171837876224126
mextraccion_autoservicio	0.00069286008826759	0.0022669091948403	0.00179728390948703
ccuenta_debitos_automaticos	0.00068348493016588	0.0021387002278549	0.00150796503625253
mprestamos_prendarios	0.000656562123654039	0.00620876116840934	0.000657542893714767
mextraccion_autoservicio_lag1	0.000646650756386941	0.00103650235000548	0.00195509420397857
Master_mconsumospesos_lag1	0.000637488773659649	0.00204568626444201	0.0016833098079098
thomebanking_lag1	0.000634103877108347	0.000540088441462148	0.000999465198446445
mtarjeta_master_consumo_lag1	0.000619661934870068	0.00173984126157513	0.000894258335452083
mplazo_fijo_dolares	0.000598542106670191	0.00249097850784687	0.000455896406308905
Master_msaldototal_delta1	0.000594743188252434	0.00216635048632213	0.00104330139136076
Master_mconsumospesos	0.00058697842415297	0.00170986435962393	0.00201646487405862
mpagomiscuentas_delta1	0.000583765852939107	0.00135650304867618	0.00153426675200112
mcuenta_debitos_automaticos_delta1	0.00056550049189462	0.00250788251652674	0.00129755131026381
cextraccion_autoservicio_lag1	0.000558354393235024	0.00285794234953279	0.0013238530260124
ctarjeta_visa_debitos_automaticos_delta1	0.000557611749167216	0.00170134173441705	0.000692611848046221
Master_mpagominimo_delta1	0.000554577857250814	0.00286408769742658	0.00130631854884667
Master_mfinanciacion_limite_delta1	0.000533021790639108	0.00441985047266813	0.00104330139136076
ccomisiones_mantenimiento_lag1	0.000530644425224172	0.00115251838637113	0.000850422142537765
cprestamos_personales_delta1	0.000521001797327604	0.00242833098423457	0.000385758497645996
cpagomiscuentas	0.000516754884750504	0.00230834921500186	0.00127124959451522
Visa_mpagado_delta1	0.0005102523341761	0.00149333735520757	0.00105206862994363
ccajas_trx_delta1	0.000510099759436572	0.00168186042576373	0.000622473939383313
cpagomiscuentas_lag1	0.000504838321937864	0.00123736949125782	0.00115727549293799
mplazo_fijo_dolares_delta1	0.000495345412039812	0.00425027199217647	0.000587404985051858
Visa_msaldodolares_lag1	0.000479569238881623	0.00169199754677956	0.0014904305590868
ccajas_otras_delta1	0.000478624552328541	0.00148336249086826	0.00024548268032018
ccallcenter_trx_lag1	0.000476047356749492	0.00395598551231379	0.00105206862994363
matm_lag1	0.000462488516130822	0.00259538660563674	0.00135892198034385
Visa_status_delta1	0.000461014461445176	0.000716964817624428	0.000306853350400225
thomebanking_delta1	0.000454738360812612	0.000905802731614372	0.000780284233874856
matm	0.000451989296433775	0.00117362462216361	0.00129755131026381
Master_cconsumos_lag1	0.000450221746377717	0.00129756679438663	0.00104330139136076
Master_cconsumos	0.000419282907350446	0.00146139235819555	0.000973163482697855
cextraccion_autoservicio	0.000416954985623288	0.00121464959720846	0.000946861766949264
Master_mconsumospesos_delta1	0.00041317999706264	0.00222067251402623	0.00110467206144081
Master_msaldopesos_delta1	0.000404481703972361	0.00143910189993012	0.000964396244114991
ctarjeta_master_trx	0.000394798269063753	0.00271318944511259	0.000894258335452083
Visa_mpagosdolares	0.00038894567350273	0.000712944263167934	0.000920560051200673
catm_trx_lag1	0.000386232012344795	0.0021381995240047	0.00091179281261781
matm_delta1	0.000383742522373892	0.00129472977713322	0.00101699967561217
mttarjeta_master_debitos_automaticos	0.000369718874719291	0.00338480987943214	0.000850422142537765
mcaja_ahorro_adicional_lag1	0.000366717355842077	0.00474896335705546	0.000850422142537765
cprestamos_personales_lag1	0.000355950028947598	0.00166717752900815	0.000604939462217585
Visa_status_lag1	0.000348902004378519	0.000400012199326472	0.000157810294491544
Visa_mpagado_lag1	0.000337232213727653	0.0017791454478404	0.000832887665372038
mttarjeta_master_debitos_automaticos_lag1	0.000335958410655681	0.00140139599142025	0.000718913563794812
tmobile_app	0.000333334158212013	0.000209841740007706	0.000753982518126266
tcallcenter_lag1	0.000330376672592749	0.00093592635745841	0.000473430883474632
tpaquete7	0.000326574186478292	0.00134809425440847	0.000227948203154452
Visa_mlimitecompra_delta1	0.000323975189895405	0.000717470546786993	0.00051726707638895
Master_Fvencimiento_delta1	0.000323859177179983	0.000199118713254759	0.000683844609463357
tcuentas_lag1	0.00031860208936393	0.00403778130342357	0.000552336030720404
Visa_mconsumototal	0.000312936636536131	0.00024696646352844	0.000683844609463357
Visa_mpagosdolares_lag1	0.000307481711423291	0.000717249052337444	0.000824120426789174
Master_delinquency	0.000298557316161373	0.000525742012211745	0.000192879248822998
Visa_mfinanciacion_limite_delta1	0.000296298103743254	0.000538707013549411	0.000613706700800449
catm_trx	0.000295511533618067	0.00172157676378404	0.000762749756709129
Visa_delinquency	0.000293135158443173	6.99740483351827e-05	0.000105206862994363
mplazo_fijo_dolares_lag1	0.000290588774322137	0.00304662447883942	0.000587404985051858
Master_mlimitecompra_delta1	0.000287557721426045	0.00136552356051269	0.000508499837806086
mforex_sell	0.00027775959755738	0.00111965291964424	0.000587404985051858
mtarjeta_master_consumo_delta1	0.000269292993889577	0.00222537887133837	0.000613706700800449
ccuenta_debitos_automaticos_delta1	0.00026760266909428	0.00231322087463437	0.000412060213394587
mcaja_ahorro_adicional	0.00025694150343624	0.00175913450172024	0.000385758497645996
cpagomiscuentas_delta1	0.000256035984590093	0.00171158849861175	0.000683844609463357
Visa_Fvencimiento_delta1	0.000253837557872685	0.000186744795248768	0.000552336030720404
ccajas_extracciones	0.000249778350269081	0.00223753601564279	0.000569870507886131
Visa_msaldodolares_delta1	0.000241995118684938	0.00143910593540824	0.000631241177966176
ctarjeta_master_trx_lag1	0.000240430367808801	0.000568563536427132	0.000534801553554677
minversion1_pesos	0.000239971613637763	0.00273118942873464	0.00024548268032018
tmobile_app_lag1	0.000239124427966524	0.00012441226735245	0.00051726707638895
Visa_msaldodolares	0.000237968286898791	0.000905061498040515	0.000587404985051858
matm_other_lag1	0.000233249089355218	0.000957143530828401	0.000552336030720404
cextraccion_autoservicio_delta1	0.000225939585273457	0.0006293351718464	0.000604939462217585
Master_cconsumos_delta1	0.000224796917796707	0.000775773078730857	0.000587404985051858
mprestamos_hipotecarios	0.000218260780724702	0.00138020105125042	0.000105206862994363
mttarjeta_master_debitos_automaticos_delta1	0.000213540266252788	0.00262855199214251	0.000543568792137541
mforex_sell_lag1	0.000197616589432628	0.000384863242919576	0.000552336030720404
Visa_mconsumototal_delta1	0.000195469610487342	0.000251652795732218	0.000464663644891768
matm_other	0.000194633552850174	0.000503153842259229	0.000508499837806086
Master_mconsumosdolares_delta1	0.000192937376816739	0.000402540616716003	0.000376991259063133
Visa_fechaalta_delta1	0.000192774751894949	0.000541602583305983	0.000403292974811724
cseguro_accidentes_personales	0.000192433104363459	0.000296945174668227	0.000359456781897406
Master_fechaalta_delta1	0.000186568783968685	0.000175925373867726	0.000508499837806086
matm_other_delta1	0.000183817406057339	0.00110154451110086	0.000508499837806086
cseguro_accidentes_personales_lag1	0.000182615113551168	0.000314454505064809	0.000368224020480269
Visa_mconsumototal_lag1	0.000169753670208837	0.000152936549465735	0.000385758497645996
catm_trx_delta1	0.000169012136599996	0.00099299289098374	0.000499732599223223
tcallcenter_delta1	0.00016861323718122	0.00046922483669724	0.000359456781897406
mforex_sell_delta1	0.000167934990713332	0.000899934765734918	0.000385758497645996
ctarjeta_debito_delta1	0.000166959109224095	0.00278831801725357	0.000315620588983088
active_quarter_lag1	0.000159471521920399	0.000152336557625777	0.000236715441737316
ctarjeta_master_trx_delta1	0.00015579176514766	0.0011224739472674	0.000376991259063133
tpaquete9_lag1	0.000154218626233432	0.000825936736593901	0.000184112010240135
ccajas_otras	0.000153649595173063	0.00113499832007995	0.000175344771657271
cseguro_vida_lag1	0.000152402007244177	0.00226572565763722	0.000368224020480269
ctarjeta_visa_delta1	0.000149927267067965	0.00218622780481804	0.000306853350400225
Master_mconsumosdolares	0.000148699193749312	0.000242197213670636	0.000306853350400225
minversion2	0.000147421003424663	0.00304880752021549	0.000280551634651634
ccajas_trx	0.000145119734574329	0.000208449652341467	0.000289318873234497
cforex_buy_delta1	0.000144737970041152	0.0016688752470355	0.00014904305590868
tmobile_app_delta1	0.000141487902737215	0.000510154483089346	0.000280551634651634
ccajas_trx_lag1	0.00013852662255421	0.00111093689605239	0.0010345341527779
cpayroll_trx_delta1	0.000134712791145376	0.000182537238259413	0.000306853350400225
catm_trx_other	0.000134287624250189	0.00117953370423514	0.000289318873234497
internet_delta1	0.000134041186650932	0.000198969628987927	0.000306853350400225
Master_msaldodolares_lag1	0.000132606119512793	0.00143851043589297	0.000324387827565952
Visa_delinquency_lag1	0.000130477987949039	0.000174690822130024	0.000131508578742953
Visa_mpagosdolares_delta1	0.000129245030674658	0.000642909301955598	0.000499732599223223
tpaquete9	0.000127286122266498	0.000341117670357775	0.000175344771657271
minversion2_lag1	0.00012292817090571	0.00279454597823699	0.000280551634651634
mcheques_emitidos_delta1	0.000122792454746191	0.00219562696632716	0.000298086111817361
mcheques_depositados_delta1	0.000114752276709685	0.00230585429969476	0.000280551634651634
cseguro_vivienda_lag1	0.000114747336705112	0.000289991284471325	0.000201646487405862
mcaja_ahorro_adicional_delta1	0.000102157179101346	0.00194262860513863	0.000263017157485907
cseguro_vivienda	0.000101184354254236	0.000171875581230198	0.000192879248822998
ccheques_depositados_delta1	0.000100374371576935	0.00204520360603167	0.000201646487405862
cforex	9.95098855093673e-05	0.000123708647480235	0.000184112010240135
Master_mpagado_lag1	9.58500639053453e-05	0.000651460860779131	0.000210413725988725
Master_mpagado_delta1	8.93397412071844e-05	0.00080780624713255	0.000201646487405862
mcheques_depositados	8.44446284743964e-05	0.000845460608120131	0.000227948203154452
ccajas_extracciones_lag1	8.39977968132856e-05	0.000821551009438873	0.000306853350400225
minversion1_pesos_lag1	8.31738457194607e-05	0.00150365302709455	0.000192879248822998
Master_mconsumototal	8.05056201286767e-05	0.000130574975416229	0.000140275817325817
ccajas_depositos_lag1	7.62191136893749e-05	0.000511195941006472	0.000113974101577226
Master_mconsumosdolares_lag1	7.61618864569243e-05	0.000328873039933542	0.000324387827565952
ctarjeta_master_debitos_automaticos_lag1	7.59569341791705e-05	0.000336215402004488	0.000166577533074408
Master_mpagosdolares_lag1	7.5693190595537e-05	6.90428427257037e-05	0.000184112010240135
mprestamos_hipotecarios_lag1	7.36906658805047e-05	0.00127291657126029	0.00012274134016009
Master_msaldodolares	7.34505180609256e-05	0.00168797059647096	0.000192879248822998
Master_mpagado	7.2765213810503e-05	0.000492986721651401	0.000184112010240135
cseguro_vida	7.13643194716777e-05	0.000226648288084133	0.000113974101577226
active_quarter	7.07330346768318e-05	5.05147444587356e-05	0.000113974101577226
Master_delinquency_lag1	7.05109810169706e-05	0.000482603741035162	0.00012274134016009
Master_status_delta1	6.87856713974526e-05	0.000291298550956129	0.000210413725988725
catm_trx_other_lag1	6.5631397342282e-05	0.000602980987122793	0.000219180964571589
ccajas_extracciones_delta1	6.43506208823525e-05	0.000535258126444999	0.000175344771657271
ctarjeta_visa_lag1	6.1158735731053e-05	0.0015974873346805	0.000201646487405862
mprestamos_prendarios_lag1	6.05193088920569e-05	0.001051411005112	0.000131508578742953
minversion1_pesos_delta1	5.70338217285525e-05	0.000313856797457743	0.000140275817325817
cliente_edad_delta1	5.62081369902686e-05	0.000193039303550487	0.000131508578742953
mtarjeta_visa_descuentos_lag1	5.2608696098568e-05	0.000217104839197257	9.64396244114991e-05
cprestamos_hipotecarios	5.25579729991035e-05	0.000458440744784947	3.50689543314542e-05
ccheques_emitidos	5.22658967958101e-05	0.000912513655572529	9.64396244114991e-05
cprestamos_hipotecarios_lag1	5.10846519799207e-05	0.00168706558339866	0.000131508578742953
ctarjeta_master_debitos_automaticos	5.01755232232591e-05	0.000106710147699679	0.000113974101577226
catm_trx_other_delta1	4.99997356060699e-05	9.52821305347805e-05	0.000157810294491544
cforex_delta1	4.86651667651464e-05	0.00029084726267752	9.64396244114991e-05
ccheques_depositados_lag1	4.64660021455001e-05	0.000624130471058048	7.8905147245772e-05
mprestamos_hipotecarios_delta1	4.55343013094338e-05	1.44099309248354e-05	7.8905147245772e-05
Master_mconsumototal_lag1	4.50680853292769e-05	0.000123824914934501	0.000140275817325817
cforex_sell	4.40443726875861e-05	0.000202623411782863	7.01379086629085e-05
cforex_lag1	4.39452148495786e-05	0.00033773045754148	0.00012274134016009
mprestamos_prendarios_delta1	4.26504269316489e-05	0.00187679016045666	0.000175344771657271
cforex_sell_lag1	4.20813637523288e-05	0.00105102436062427	0.000105206862994363
ccajas_consultas	4.15868801381967e-05	0.000261714841626957	0.000105206862994363
mtarjeta_visa_descuentos_delta1	3.88507151456283e-05	0.000933144923205404	0.000131508578742953
cinversion2	3.85781022034734e-05	0.00165938814256	0.000157810294491544
Master_mpagosdolares	3.8135612957286e-05	3.22603734334745e-05	0.000131508578742953
Master_msaldodolares_delta1	3.6306251795723e-05	0.00136979576129293	0.00014904305590868
ccajas_depositos	3.45756067298928e-05	0.000350556272954851	7.8905147245772e-05
tpaquete7_lag1	3.32320468701812e-05	0.000889579348195591	0.000227948203154452
ctarjeta_master_lag1	3.158378128766e-05	0.00016303590449773	4.38361929143178e-05
ccajas_consultas_lag1	3.0740471034451e-05	0.000259872912362942	7.8905147245772e-05
cforex_sell_delta1	3.01126489325388e-05	7.1290604033752e-05	5.26034314971813e-05
cplazo_fijo_lag1	2.75514239737132e-05	0.000297687702640724	5.26034314971813e-05
Master_delinquency_delta1	2.74287018517845e-05	1.97273966770175e-06	8.76723858286356e-06
mforex_buy_delta1	2.71626963544785e-05	0.000708966195443253	6.13706700800449e-05
Master_mpagosdolares_delta1	2.67653915261829e-05	3.166007702913e-05	7.01379086629085e-05
Visa_delinquency_delta1	2.67500809008767e-05	5.55510972828559e-05	7.01379086629085e-05
mcheques_depositados_lag1	2.62123179877176e-05	0.000126934441172074	3.50689543314542e-05
mcheques_emitidos_lag1	2.60255166584724e-05	0.000994797739533788	0.000113974101577226
ctarjeta_master_debitos_automaticos_delta1	2.50607150294031e-05	8.0111550056495e-05	7.01379086629085e-05
active_quarter_delta1	2.45143670864461e-05	8.49357737859294e-05	5.26034314971813e-05
Master_mconsumototal_delta1	2.32328889738341e-05	2.63562405332109e-05	5.26034314971813e-05
minversion2_delta1	2.13546363929382e-05	0.000238664571360138	7.8905147245772e-05
tpaquete7_delta1	1.92726564815788e-05	0.000929346929173807	8.76723858286356e-05
ccheques_emitidos_lag1	1.61657818695968e-05	0.000550826163446709	6.13706700800449e-05
mtarjeta_master_descuentos_delta1	1.53008607778239e-05	0.000124414551585343	4.38361929143178e-05
cpagodeservicios_lag1	1.47590961452128e-05	0.000547305551429448	6.13706700800449e-05
mtarjeta_visa_descuentos	1.41325544919596e-05	0.000136450022417652	0.000105206862994363
ctarjeta_visa_descuentos_lag1	1.36653523213092e-05	0.000203412461965286	3.50689543314542e-05
ctarjeta_visa_descuentos_delta1	1.3385130756385e-05	0.000330664868356099	3.50689543314542e-05
mtarjeta_master_descuentos	1.31650150968687e-05	0.000167754368244208	1.75344771657271e-05
Master_madelantopesos	1.18952957931642e-05	3.76176609790955e-05	0.000157810294491544
mcheques_emitidos_rechazados_lag1	1.16686881236322e-05	3.74901246425561e-05	8.76723858286356e-06
mcajeros_propios_descuentos_lag1	1.00898965770294e-05	6.8256229058367e-05	2.63017157485907e-05
cforex_buy	9.97227893204004e-06	0.000222880674350016	1.75344771657271e-05
Master_cadelantosefectivo_delta1	9.71359307844535e-06	9.65849808359903e-07	8.76723858286356e-06
ccheques_depositados	9.35951018665658e-06	0.000269791203867599	4.38361929143178e-05
mforex_buy	9.19402300745399e-06	0.000408253787746392	3.50689543314542e-05
ccheques_emitidos_delta1	9.05159046402098e-06	0.000186323506562158	2.63017157485907e-05
tcuentas	7.8580181016651e-06	7.31000971906833e-05	1.75344771657271e-05
mcheques_emitidos	7.18081169322904e-06	0.000162077059670243	2.63017157485907e-05
cinversion2_lag1	6.97041032370834e-06	0.000172268240864547	2.63017157485907e-05
ccajas_otras_lag1	6.85747450777234e-06	6.48697015119402e-05	1.75344771657271e-05
mtarjeta_master_descuentos_lag1	5.32498159497527e-06	9.12010439066148e-05	2.63017157485907e-05
ccheques_emitidos_rechazados_lag1	5.28277839058779e-06	4.91170984924562e-05	8.76723858286356e-06
mpagodeservicios_lag1	4.40838998617111e-06	9.2740083888986e-05	1.75344771657271e-05
cseguro_auto_lag1	4.37540556145678e-06	0.00016425081183255	1.75344771657271e-05
Visa_madelantopesos	3.70713503391145e-06	1.64122133379564e-05	4.38361929143178e-05
ccajas_depositos_delta1	3.56711566614698e-06	0.000119630149649348	2.63017157485907e-05
cseguro_accidentes_personales_delta1	3.25231727767881e-06	2.46285990549542e-06	1.75344771657271e-05
mforex_buy_lag1	3.24341602724281e-06	5.51185397139719e-05	8.76723858286356e-06
ctarjeta_master_descuentos_delta1	2.89213590289039e-06	2.12848628047276e-05	8.76723858286356e-06
cseguro_auto	2.31658972822065e-06	5.77358899041471e-05	8.76723858286356e-06
Master_madelantopesos_delta1	2.1133215905962e-06	6.27029543305056e-06	2.63017157485907e-05
Visa_madelantopesos_lag1	6.53647569180431e-07	1.29706357788025e-06	8.76723858286356e-06
ccajeros_propios_descuentos_lag1	2.95802802371233e-07	1.47996210564228e-05	8.76723858286356e-06
Master_cadelantosefectivo	2.79455599887412e-07	7.29880936378179e-06	4.38361929143178e-05
ctarjeta_master_delta1	1.84880814964063e-07	6.0644860493693e-06	8.76723858286356e-06
Visa_cadelantosefectivo	1.02359163579769e-10	1.70327632739543e-06	8.76723858286356e-06
Master_madelantopesos_lag1	2.28952426143571e-13	1.32343885368757e-05	3.50689543314542e-05
Master_madelantodolares_lag1	4.28590737776406e-15	1.05393744283303e-05	1.75344771657271e-05
Master_cadelantosefectivo_lag1	1.68838767223673e-15	1.21566874578433e-06	8.76723858286356e-06
Master_madelantodolares	2.78588329312118e-16	1.6892663656502e-06	8.76723858286356e-06