fecha	gamma	alpha	lambda	subsample	tree_method	grow_policy	max_bin	max_depth	scale_pos_weight	eta	colsample_bytree	min_child_weight	max_leaves	prob_corte	nrounds	ganancia	iteracion
20220601 033413	0	0	0	1	hist	lossguide	256	0	1	0.131828599243308	0.469382767919451	9	546	0.0178619011038487	25	12006000	1
20220601 033452	0	0	0	1	hist	lossguide	256	0	1	0.165170865816879	0.579660535985604	7	436	0.0415058135355745	16	7971000	2
20220601 033523	0	0	0	1	hist	lossguide	256	0	1	0.208112877534237	0.20750515749678	6	597	0.0311110608303958	11	9160000	3
20220601 033542	0	0	0	1	hist	lossguide	256	0	1	0.262594202451641	0.70935662439093	0	906	0.0213036858675575	1	479000	4
20220601 033613	0	0	0	1	hist	lossguide	256	0	1	0.228365614586743	0.503980175973848	4	646	0.035035257958225	6	8101000	5
20220601 033655	0	0	0	1	hist	lossguide	256	0	1	0.0862820432854351	0.602712306082249	7	754	0.0207598554872675	20	11653000	6
20220601 033816	0	0	0	1	hist	lossguide	256	0	1	0.0412598088487284	0.422546688690782	6	32	0.0387596681447273	144	8828000	7
20220601 033842	0	0	0	1	hist	lossguide	256	0	1	0.27874949406751	0.874950175657868	7	254	0.0111649030804983	8	11535000	8
20220601 033940	0	0	0	1	hist	lossguide	256	0	1	0.0765946223986102	0.882568720113486	3	692	0.0374618773484447	22	7030000	9
20220601 034011	0	0	0	1	hist	lossguide	256	0	1	0.154608407523367	0.240391365559772	9	393	0.0457590725612439	21	7021000	10
20220601 034058	0	0	0	1	hist	lossguide	256	0	1	0.125013165567187	0.530503297196701	1	1004	0.0256135224262835	8	6936000	11
20220601 034135	0	0	0	1	hist	lossguide	256	0	1	0.174139685441391	0.747635286273435	3	353	0.0433916905240039	12	5928000	12
20220601 034201	0	0	0	1	hist	lossguide	256	0	1	0.290751697931555	0.281638973001391	5	262	0.0464083305002229	6	6779000	13
20220601 034411	0	0	0	1	hist	lossguide	256	0	1	0.0252028637675103	0.80809250343591	2	149	0.00953197626658948	39	12051000	14
20220601 034443	0	0	0	1	hist	lossguide	256	0	1	0.249590368613484	0.991600725669414	1	161	0.0147660970522945	1	7780000	15
20220601 034512	0	0	0	1	hist	lossguide	256	0	1	0.188971132432343	0.936345301745459	8	968	0.0237792392120658	13	10812000	16
20220601 034547	0	0	0	1	hist	lossguide	256	0	1	0.109135271387408	0.760982750589028	10	97	0.0285615634507849	27	9984000	17
20220601 034810	0	0	0	1	hist	lossguide	256	0	1	0.0151696759621846	0.362801165711135	10	770	0.0327360312250676	203	9873000	18
20220601 035023	0	0	0	1	hist	lossguide	256	0	1	0.0676891418761807	0.644204103462398	0	858	0.0492060423882019	1	737000	19
20220601 035052	0	0	0	1	hist	lossguide	256	0	1	0.220663870125543	0.346659575840458	4	482	0.0138178498212559	13	10553000	20
20220601 035212	0	0	0	1	hist	lossguide	256	0	1	0.0583353483014294	0.992111801599547	5	2	0.0083363498535139	518	10728000	21
20220601 035351	0	0	0	1	hist	lossguide	256	0	1	0.0177686503700224	0.590649910039233	8	597	0.008352794777708	23	12263000	22
20220601 035538	0	0	0	1	hist	lossguide	256	0	1	0.0105522497392426	0.314117390629151	2	13	0.00834341000792052	97	12576000	23
20220601 035608	0	0	0	1	hist	lossguide	256	0	1	0.156825616686203	0.643017337067691	10	871	0.00834869565719984	18	11416000	24
20220601 035919	0	0	0	1	hist	lossguide	256	0	1	0.0100063380672974	0.310517771847766	4	1024	0.00867976109693539	39	12618000	25
20220601 035955	0	0	0	1	hist	lossguide	256	0	1	0.0865069819215771	0.372909072033708	8	1024	0.00839248494484323	12	11788000	26
20220601 040329	0	0	0	1	hist	lossguide	256	0	1	0.0102047887272741	0.428876062803332	3	201	0.00836118665663217	45	12530000	27
20220601 040654	0	0	0	1	hist	lossguide	256	0	1	0.010278157606376	0.215345482506854	3	1014	0.00841020094747027	36	12836000	28
20220601 041008	0	0	0	1	hist	lossguide	256	0	1	0.0120923300087946	0.212853098062455	7	587	0.0132149788615479	241	13312000	29
20220601 041243	0	0	0	1	hist	lossguide	256	0	1	0.0108387081421692	0.200254321006333	7	151	0.00990542345710437	51	12707000	30
20220601 041815	0	0	0	1	hist	lossguide	256	0	1	0.0101370943566547	0.20063612607112	4	622	0.0125535195855541	542	13069000	31
20220601 042118	0	0	0	1	hist	lossguide	256	0	1	0.0100701224659929	0.20016243074659	6	697	0.0108636618180017	67	12898000	32
20220601 042450	0	0	0	1	hist	lossguide	256	0	1	0.010187853558845	0.200392712997605	8	464	0.0149689564312179	281	13311000	33
20220601 042819	0	0	0	1	hist	lossguide	256	0	1	0.0100261816753147	0.232050292004022	7	436	0.0150922373271358	215	13170000	34
20220601 042840	0	0	0	1	hist	lossguide	256	0	1	0.299842285968044	0.471453077338473	10	2	0.0100580197424954	84	11828000	35
20220601 043259	0	0	0	1	hist	lossguide	256	0	1	0.0101436327800363	0.200267667010533	8	965	0.0152352850361187	394	13290000	36
20220601 043610	0	0	0	1	hist	lossguide	256	0	1	0.0102459871477559	0.20027256531863	8	589	0.0135166504987047	184	13307000	37
20220601 043921	0	0	0	1	hist	lossguide	256	0	1	0.0102554623563719	0.200066456976148	10	263	0.0122571889614485	234	12821000	38
20220601 044412	0	0	0	1	hist	lossguide	256	0	1	0.0102053565380042	0.201365134167581	7	1023	0.0163664264844713	543	13128000	39
20220601 044434	0	0	0	1	hist	lossguide	256	0	1	0.187988658064856	0.200365401312748	8	6	0.0122341597340686	40	12561000	40
20220601 044553	0	0	0	1	hist	lossguide	256	0	1	0.0399009061439747	0.201067124786163	8	358	0.0138336692450285	120	13236000	41
20220601 044936	0	0	0	1	hist	lossguide	256	0	1	0.010461870190577	0.87120336150095	9	1024	0.0159802129914722	314	13074000	42
20220601 045312	0	0	0	1	hist	lossguide	256	0	1	0.0102456558413323	0.813109630087264	10	1023	0.0228829435681582	287	12024000	43
20220601 045705	0	0	0	1	hist	lossguide	256	0	1	0.0100556700579224	0.201222866062346	7	835	0.0136012506531801	311	12937000	44
20220601 045846	0	0	0	1	hist	lossguide	256	0	1	0.0322596797764195	0.202279697160015	10	1024	0.0159882979685485	198	12809000	45
20220601 050021	0	0	0	1	hist	lossguide	256	0	1	0.0259935023090446	0.553620395339804	8	502	0.0127741545781606	103	13170000	46
20220601 050421	0	0	0	1	hist	lossguide	256	0	1	0.0105529081122577	0.200193764981381	2	508	0.00978690964768786	82	12944000	47
20220601 050449	0	0	0	1	hist	lossguide	256	0	1	0.185282176355227	0.999841303938852	10	335	0.012746331844873	15	12313000	48
20220601 050641	0	0	0	1	hist	lossguide	256	0	1	0.0238925208960369	0.201002300198262	8	487	0.0127890329933049	164	13003000	49
20220601 050948	0	0	0	1	hist	lossguide	256	0	1	0.0104276905025827	0.565248309118929	9	135	0.0146981002622788	194	13623000	50
20220601 051318	0	0	0	1	hist	lossguide	256	0	1	0.0102678799951139	0.200323596178743	9	4	0.0152261932088418	1056	13191000	51
20220601 051650	0	0	0	1	hist	lossguide	256	0	1	0.0103288966675943	0.761554225659089	10	179	0.0145647900402455	284	13263000	52
20220601 052029	0	0	0	1	hist	lossguide	256	0	1	0.0102994900491727	0.490580254996124	8	210	0.0148439666470452	289	13188000	53
20220601 052414	0	0	0	1	hist	lossguide	256	0	1	0.0107675791184226	0.209415709767221	8	1024	0.0247896077082435	342	11959000	54
20220601 052457	0	0	0	1	hist	lossguide	256	0	1	0.0816047859906198	0.599193898889201	9	96	0.0140228743302409	16	12508000	55
20220601 052808	0	0	0	1	hist	lossguide	256	0	1	0.0102945006105849	0.567129616669062	9	588	0.0152239149920265	196	13517000	56
20220601 052834	0	0	0	1	hist	lossguide	256	0	1	0.223766251888607	0.20168822027333	9	295	0.00873422580240742	12	11104000	57
20220601 052911	0	0	0	1	hist	lossguide	256	0	1	0.122061621946531	0.999111463226599	9	1023	0.0143593125851906	30	12540000	58
20220601 052941	0	0	0	1	hist	lossguide	256	0	1	0.143658526622784	0.200179734084269	3	42	0.00912366936715334	19	11190000	59
20220601 053313	0	0	0	1	hist	lossguide	256	0	1	0.0100662214876521	0.924962469060371	9	373	0.0153996228346628	229	13175000	60
20220601 053344	0	0	0	1	hist	lossguide	256	0	1	0.227173269785835	0.651367105643137	9	2	0.0145599996563309	166	13019000	61
20220601 053706	0	0	0	1	hist	lossguide	256	0	1	0.0100787935070597	0.604200431291982	9	343	0.0143647163185932	219	13660000	62
20220601 053739	0	0	0	1	hist	lossguide	256	0	1	0.166871147528098	0.454057187556081	8	1024	0.0143287729768688	10	11731000	63
20220601 054106	0	0	0	1	hist	lossguide	256	0	1	0.0100932158201815	0.61710347207014	9	45	0.0136590541601796	243	13464000	64
20220601 054211	0	0	0	1	hist	lossguide	256	0	1	0.0384262823258292	0.619871948454122	9	345	0.015285664068093	52	13006000	65
20220601 054242	0	0	0	1	hist	lossguide	256	0	1	0.299481181758498	0.200895485608816	9	5	0.0154689428600318	129	12048000	66
20220601 054610	0	0	0	1	hist	lossguide	256	0	1	0.0101022903472905	0.877519734241055	8	658	0.0140059832028996	201	13174000	67
20220601 054632	0	0	0	1	hist	lossguide	256	0	1	0.299795816036823	0.999678367269911	10	4	0.0349478074856386	60	9918000	68
20220601 054952	0	0	0	1	hist	lossguide	256	0	1	0.0101024738027979	0.543848752117177	9	981	0.0138810524431951	217	13690000	69
20220601 055315	0	0	0	1	hist	lossguide	256	0	1	0.0100132816685206	0.561513997418943	9	1024	0.0141645393524258	212	13514000	70
20220601 055740	0	0	0	1	hist	lossguide	256	0	1	0.0100104224988583	0.294337962450511	9	971	0.0190042024162552	503	12482000	71
20220601 060003	0	0	0	1	hist	lossguide	256	0	1	0.0152464485578899	0.991142883420695	10	963	0.0132773599018056	157	13451000	72
20220601 060153	0	0	0	1	hist	lossguide	256	0	1	0.0229622811593785	0.75812907486858	10	952	0.0138085502178827	123	13664000	73
20220601 060511	0	0	0	1	hist	lossguide	256	0	1	0.0108080972622883	0.745034593406744	10	954	0.0134696358663805	252	13620000	74
20220601 060611	0	0	0	1	hist	lossguide	256	0	1	0.0444916571804107	0.581992583172866	9	957	0.0139819444055376	56	13313000	75
20220601 060636	0	0	0	1	hist	lossguide	256	0	1	0.29948956206168	0.997919807643319	10	661	0.0140995450592918	11	11882000	76
20220601 060828	0	0	0	1	hist	lossguide	256	0	1	0.0177511710020435	0.54221134561667	10	972	0.0142490662324046	102	13361000	77
20220601 061045	0	0	0	1	hist	lossguide	256	0	1	0.016498654035419	0.780720126716391	9	963	0.0136546205607091	154	13438000	78
20220601 061231	0	0	0	1	hist	lossguide	256	0	1	0.0230199344058995	0.872025718075765	10	897	0.0138864330186957	110	13250000	79
20220601 061631	0	0	0	1	hist	lossguide	256	0	1	0.010205027399777	0.557813433177548	3	66	0.0140371312381535	257	12522000	80
20220601 062042	0	0	0	1	hist	lossguide	256	0	1	0.010038481395371	0.999931837997888	6	604	0.0144991598889521	261	12866000	81
20220601 062358	0	0	0	1	hist	lossguide	256	0	1	0.0101987088553332	0.530843232241699	6	638	0.0139869718200959	121	13148000	82
20220601 062430	0	0	0	1	hist	lossguide	256	0	1	0.29972444566894	0.763642241443702	10	2	0.0139579236961138	139	12907000	83
20220601 062915	0	0	0	1	hist	lossguide	256	0	1	0.0100365543088557	0.200051429607392	2	260	0.0135176418088169	185	12831000	84
20220601 063313	0	0	0	1	hist	lossguide	256	0	1	0.0105234154394615	0.999875871127393	10	684	0.0158057263565157	372	12959000	85
20220601 063751	0	0	0	1	hist	lossguide	256	0	1	0.0100081734190186	0.999379531775021	2	271	0.012757630501342	82	11986000	86
20220601 063844	0	0	0	1	hist	lossguide	256	0	1	0.0770426959310225	0.798724339537953	10	994	0.0140585791470176	53	13235000	87
20220601 063912	0	0	0	1	hist	lossguide	256	0	1	0.260396594853289	0.999803391931334	10	55	0.015537072406684	15	11872000	88
20220601 064558	0	0	0	1	hist	lossguide	256	0	1	0.0100398868986707	0.3688884968227	0	292	0.00833376320744107	92	7149000	89
20220601 064925	0	0	0	1	hist	lossguide	256	0	1	0.0102415062891445	0.530574653803293	9	328	0.0137587148631659	259	13628000	90
20220601 065346	0	0	0	1	hist	lossguide	256	0	1	0.0100767380179851	0.342615616902192	3	645	0.0138576819689023	188	13098000	91
20220601 065710	0	0	0	1	hist	lossguide	256	0	1	0.0108980775976855	0.999536038972469	7	995	0.0144864616590026	168	13189000	92
20220601 070109	0	0	0	1	hist	lossguide	256	0	1	0.010690361983152	0.999331638384612	3	1018	0.0093393932841638	89	12640000	93
20220601 070554	0	0	0	1	hist	lossguide	256	0	1	0.0100075764027822	0.524068028129637	3	1023	0.0128361767059279	228	12720000	94
20220601 070641	0	0	0	1	hist	lossguide	256	0	1	0.29997312312839	0.612885210877005	8	2	0.0144934111976536	312	13103000	95
20220601 071002	0	0	0	1	hist	lossguide	256	0	1	0.0104454123168243	0.999969460922319	8	952	0.0143336230939561	164	12900000	96
20220601 071130	0	0	0	1	hist	lossguide	256	0	1	0.0292348926943685	0.920461266614452	5	1024	0.0138017546366806	33	12923000	97
20220601 071247	0	0	0	1	hist	lossguide	256	0	1	0.0501770490401834	0.200048032598537	5	1012	0.0139434179438722	73	12547000	98
20220601 071315	0	0	0	1	hist	lossguide	256	0	1	0.299385664370235	0.555686481315631	9	2	0.0213018408276653	131	12922000	99
20220601 071701	0	0	0	1	hist	lossguide	256	0	1	0.010004642544557	0.762962617916774	7	394	0.0141085433466175	219	13298000	100
20220601 072040	0	0	0	1	hist	lossguide	256	0	1	0.0100283039758937	0.726294006575509	9	375	0.0138299269029455	247	13243000	101
20220601 072433	0	0	0	1	hist	lossguide	256	0	1	0.010028212253964	0.89596914873105	4	530	0.0115161189408765	98	12950000	102
20220601 072839	0	0	0	1	hist	lossguide	256	0	1	0.0101038468882391	0.542471437751938	8	965	0.0142246740550625	344	13283000	103
20220601 073211	0	0	0	1	hist	lossguide	256	0	1	0.0101928300576478	0.949598868893283	7	518	0.0141629843157641	164	12829000	104
20220601 073541	0	0	0	1	hist	lossguide	256	0	1	0.0100841757421041	0.852650061670873	6	992	0.0129813851920714	139	12903000	105
20220601 074025	0	0	0	1	hist	lossguide	256	0	1	0.0100123295824549	0.202320972191426	3	376	0.0124367573088121	248	13097000	106
20220601 074351	0	0	0	1	hist	lossguide	256	0	1	0.0100520613271498	0.544013961261406	9	705	0.0141878393884711	242	13733000	107
20220601 074935	0	0	0	1	hist	lossguide	256	0	1	0.0103437160973507	0.573028581141532	10	2	0.0144901063005503	2656	13148000	108
20220601 075316	0	0	0	1	hist	lossguide	256	0	1	0.0101690303441419	0.825750356314472	5	313	0.01416553740128	119	12925000	109
20220601 075341	0	0	0	1	hist	lossguide	256	0	1	0.286507233511045	0.588886768743105	9	276	0.0143583516298322	8	10979000	110
20220601 075421	0	0	0	1	hist	lossguide	256	0	1	0.216210196114101	0.546160774526775	7	2	0.0169035182607674	254	13398000	111
20220601 075447	0	0	0	1	hist	lossguide	256	0	1	0.298667911805035	0.786397335308017	7	2	0.0205307048656631	133	12859000	112
20220601 075515	0	0	0	1	hist	lossguide	256	0	1	0.207663713460437	0.808375740912475	8	2	0.0147687377700893	131	13065000	113
20220601 075840	0	0	0	1	hist	lossguide	256	0	1	0.0101832634227904	0.562087864262867	8	349	0.0150526719598076	220	13516000	114
20220601 080202	0	0	0	1	hist	lossguide	256	0	1	0.0104593872300638	0.772117323512011	10	1004	0.0130025467922389	250	13429000	115
20220601 080245	0	0	0	1	hist	lossguide	256	0	1	0.235001473162611	0.415239328372079	8	2	0.0187916533257702	215	13251000	116
20220601 080318	0	0	0	1	hist	lossguide	256	0	1	0.299931057325493	0.467722077930757	7	2	0.0217957303834917	193	12539000	117
20220601 080348	0	0	0	1	hist	lossguide	256	0	1	0.229279451213108	0.754052321416989	6	2	0.0141112449275089	162	12987000	118
20220601 080829	0	0	0	1	hist	lossguide	256	0	1	0.01017869445956	0.200181525235822	9	156	0.018100609868355	556	12903000	119
20220601 081213	0	0	0	1	hist	lossguide	256	0	1	0.0101868956316879	0.768955677076277	4	694	0.014036001238391	98	13342000	120